10000  6.683662308  1496.1857046593325  6.683662308
20000  11.679061094  1712.4664250857288  4.995398786
30000  17.111774471  1753.1787863872437  5.432713377
40000  21.811335099  1833.908828526224  4.699560628
50000  26.506712094  1886.3146746637765  4.695376995
60000  31.640137712  1896.3255010500188  5.133425618
70000  36.153301606  1936.1993757268024  4.513163894
80000  40.615359284  1969.6981981768452  4.462057678
90000  45.157937181  1993.0051197703312  4.542577897
100000  51.290246664  1949.6884203949205  6.132309483
110000  55.636174568  1977.1309018659272  4.345927904
120000  59.95542576  2001.486912633343  4.319251192
130000  64.4679784  2016.5049878468035  4.51255264
140000  70.097456589  1997.2193972865116  5.629478189
150000  75.026627405  1999.2901878727332  4.929170816
160000  79.389006004  2015.3924082629078  4.362378599
170000  83.987908658  2024.1008820953325  4.598902654
180000  89.100654481  2020.1871809862355  5.112745823
190000  94.165172388  2017.7311333018147  5.064517907
200000  99.043745992  2019.3097302292513  4.878573604
210000  104.340889135  2012.6337981296522  5.297143143
220000  108.754116234  2022.9119376653166  4.413227099
230000  115.164678611  1997.140119470897  6.410562377
240000  120.157921398  1997.3714359209507  4.993242787
250000  125.122893831  1998.0356299756625  4.964972433
260000  130.58720347  1991.006722643618  5.464309639
270000  135.199055954  1997.055364734681  4.611852484
280000  139.934155108  2000.941083925496  4.735099154
290000  145.093067764  1998.7171301091878  5.158912656
300000  150.798028449  1989.4159299400935  5.704960685
310000  156.867178299  1976.1941494805112  6.06914985
320000  166.761658673  1918.9063154347868  9.894480374
330000  176.891732608  1865.5478983367457  10.130073935
340000  181.94722325  1868.6737501502375  5.055490642
350000  187.261356889  1869.0455191321935  5.314133639
360000  193.81543094  1857.437244568242  6.554074051
370000  199.10506398  1858.3153667913052  5.28963304
380000  204.765330509  1855.7829055114287  5.660266529
390000  210.208104731  1855.3042971348648  5.442774222
400000  215.406987339  1856.9499761421107  5.198882608
410000  220.349944335  1860.6766670050677  4.942956996
420000  225.407526724  1863.291816844557  5.057582389
430000  231.408945339  1858.1822728161014  6.001418615
440000  236.557657467  1860.0116551347755  5.148712128
450000  241.845125846  1860.6949320390563  5.287468379
460000  247.145091414  1861.2548498057786  5.299965568
470000  251.969785753  1865.3030108170583  4.824694339
480000  257.770685519  1862.1201981658994  5.800899766
490000  264.24432728  1854.3444434316411  6.473641761
500000  278.7834106  1793.5070057572498  14.53908332
510000  292.880486764  1741.324612079577  14.097076164
520000  299.736838131  1734.855159087032  6.856351367
530000  305.214139156  1736.485739047326  5.477301025
540000  310.924803361  1736.754334690474  5.710664205
550000  316.214501004  1739.3256737237446  5.289697643
560000  320.969237569  1744.715488130275  4.754736565
570000  326.443211497  1746.0923674476173  5.473973928
580000  332.979843597  1741.8471752961852  6.5366321
590000  339.112745404  1739.8343412221411  6.132901807
600000  346.649400831  1730.8554365351827  7.536655427
610000  355.457546699  1716.098042269294  8.808145868
620000  367.892152144  1685.2765039611938  12.434605445
630000  375.130848053  1679.4140051926388  7.238695909
640000  381.268069963  1678.6089641918047  6.13722191
650000  386.923504243  1679.9186218260334  5.65543428
660000  392.019061151  1683.5916040974794  5.095556908
670000  398.629380129  1680.7592049115447  6.610318978
680000  404.646607249  1680.4786888564242  6.01722712
690000  411.061555169  1678.5807169836642  6.41494792
700000  416.445081287  1680.8939076352867  5.383526118
710000  421.592794474  1684.0895036781428  5.147713187
720000  442.65742231  1626.5399916772944  21.064627836
730000  450.933541831  1618.8638286605612  8.276119521
740000  456.928530859  1619.5092887039502  5.994989028
750000  463.382629774  1618.5328318538577  6.454098915
760000  470.912440268  1613.888135058564  7.529810494
770000  476.563527207  1615.734222282485  5.651086939
780000  482.659470128  1616.046194624848  6.095942921
790000  488.353153124  1617.6817840662277  5.693682996
800000  509.521089063  1570.1018410664522  21.167935939
810000  519.976791462  1557.7618334128954  10.455702399
820000  527.306652241  1555.072359726703  7.329860779
830000  536.345711954  1547.5093423906883  9.039059713
840000  552.290907992  1520.9375853280703  15.945196038
850000  563.182390848  1509.2801440757594  10.891482856
860000  570.033168669  1508.6841385178666  6.850777821
870000  577.440719979  1506.648163003883  7.40755131
880000  583.144306188  1509.0604343760783  5.703586209
890000  590.657282559  1506.7959479719088  7.512976371
900000  597.959210248  1505.119387034327  7.301927689
910000  620.097197618  1467.511873131524  22.13798737
920000  628.41340275  1464.004421251978  8.316205132
930000  636.874973284  1460.25521336554  8.461570534
940000  643.340431883  1461.1237743113766  6.465458599
950000  650.859197816  1459.609087783942  7.518765933
960000  675.055441474  1422.1054168585274  24.196243658
970000  681.536117648  1423.255459076031  6.480676174
980000  688.963170877  1422.4272666890615  7.427053229
990000  696.6696335  1421.0465798923042  7.706462623
1000000  721.437857605  1386.1207718149963  24.768224105
1010000  729.337579845  1384.8182623671287  7.89972224
1020000  737.19521657  1383.6226511965524  7.857636725
1030000  743.076700181  1386.1287801772155  5.881483611
1040000  755.08264507  1377.3326758206535  12.005944889
1050000  775.783473736  1353.470440590123  20.700828666
1060000  783.295101331  1353.2575375472338  7.511627595
1070000  789.526946579  1355.2419010348951  6.231845248
1080000  796.417804077  1356.0721451370046  6.890857498
1090000  833.061118312  1308.4274083138407  36.643314235
1100000  842.431010714  1305.7449049361303  9.369892402
1110000  849.577307589  1306.5320719900685  7.146296875
1120000  866.757736107  1292.1719107237798  17.180428518
1130000  882.891148594  1279.8859766569408  16.133412487
1140000  896.52996994  1271.5693152748638  13.638821346
1150000  904.355753175  1271.6234689308885  7.825783235
1160000  924.730237292  1254.4198872494633  20.374484117
1170000  936.36975272  1249.5064012921632  11.639515428
1180000  943.5935709  1250.5384059309724  7.22381818
1190000  966.443724899  1231.318461014751  22.850153999
1200000  981.131225056  1223.0779832040384  14.687500157
1210000  989.584231654  1222.7357321342874  8.453006598
1220000  1014.35882228  1202.7302106544262  24.774590626
1230000  1028.472770421  1195.948045854929  14.113948141
1240000  1035.754534513  1197.1948552298966  7.281764092
1250000  1045.585431317  1195.502502770647  9.830896804
1260000  1072.800447403  1174.496154480702  27.215016086
1270000  1082.573671094  1173.1303225918984  9.773223691
1280000  1089.50947299  1174.8406340031413  6.935801896
1290000  1117.595460874  1154.263814735945  28.085987884
1300000  1127.371234471  1153.1250401381787  9.775773597
1310000  1157.79512892  1131.4609703203519  30.423894449
1320000  1166.773786262  1131.3246968196738  8.978657342
1330000  1194.14528271  1113.7673273570956  27.371496448
1340000  1210.040043706  1107.4013682191628  15.894760996
1350000  1218.701082189  1107.736769688564  8.661038483
1360000  1232.028246187  1103.8707953401713  13.327163998
1370000  1261.031426689  1086.4122582552213  29.003180502
1380000  1270.616195772  1086.0872107501673  9.584769083
1390000  1293.576381425  1074.5403363570847  22.960185653
1400000  1308.232868493  1070.1458690704735  14.656487068
1410000  1318.26433555  1069.5882168516123  10.031467057
1420000  1343.874354562  1056.6464008927464  25.610019012
1430000  1357.860940635  1053.1269861339883  13.986586073
1440000  1364.808326477  1055.0932113061572  6.947385842
1450000  1388.260090178  1044.472869499608  23.451763701
1460000  1404.366672928  1039.6145309800102  16.10658275
1470000  1414.315451823  1039.3720849936444  9.948778895
1480000  1451.254488907  1019.8073537844141  36.939037084
1490000  1461.357169975  1019.6001570413412  10.102681068
1500000  1485.237701997  1009.9393504374088  23.880532022
1510000  1504.900509841  1003.3885895616706  19.662807844
1520000  1515.940386766  1002.6779504454396  11.039876925
1530000  1544.877795501  990.3695971653375  28.937408735
1540000  1559.273644973  987.6393441041365  14.395849472
1550000  1590.687314099  974.4215511506444  31.413669126
1560000  1601.074420561  974.3457143318748  10.387106462
1570000  1633.813366013  960.9420712668523  32.738945452
1580000  1649.187761922  958.0473712457294  15.374395909
1590000  1656.870589418  959.6404270526104  7.682827496
1600000  1698.270305442  942.1350622883182  41.399716024
1610000  1710.351176685  941.3271507904591  12.080871243
1620000  1725.426610085  938.8982356776065  15.0754334
1630000  1750.967201348  930.9140678049982  25.540591263
1640000  1759.097391288  932.2963061182203  8.13018994
1650000  1791.517768738  921.0067735818833  32.42037745
1660000  1802.440240308  920.9736682955659  10.92247157
1670000  1836.199881548  909.4870426590563  33.75964124
1680000  1845.260830076  910.4403955351974  9.060948528
1690000  1879.958245669  898.9561358042813  34.697415593
1700000  1889.767493075  899.581565578624  9.809247406
1710000  1919.975380529  890.6364203112091  30.207887454
1720000  1933.804818838  889.4382634921384  13.829438309
1730000  1956.378390409  884.2870113885926  22.573571571
1740000  1979.868624084  878.8461915269874  23.490233675
1750000  1998.005083048  875.8736475936973  18.136458964
1760000  2024.306739962  869.4334535649664  26.301656914
1770000  2045.461893409  865.330224778761  21.155153447
1780000  2070.676147595  859.6225933579194  25.214254186
1790000  2079.67369449  860.7119495440669  8.997546895
1800000  2121.828833203  848.324790309695  42.155138713
1810000  2135.17564844  847.7054341278296  13.346815237
1820000  2169.950666913  838.728745197307  34.775018473
1830000  2182.385717109  838.5318808007028  12.435050196
1840000  2224.804396159  827.0389986538397  42.41867905
1850000  2237.371790757  826.863021891442  12.567394598
1860000  2271.654162679  818.7866051786997  34.282371922
1870000  2283.426016015  818.944860435415  11.771853336
1880000  2319.673940611  810.4587317581409  36.247924596
1890000  2347.670409018  805.0533808919806  27.996468407
1900000  2369.077037932  802.000090996845  21.406628914
1910000  2406.127429881  793.8066688739187  37.050391949
1920000  2416.67813947  794.4789869374471  10.550709589
1930000  2455.000271961  786.1506257424397  38.322132491
1940000  2469.63762175  785.5403492862666  14.637349789
1950000  2503.020209411  779.0588316739422  33.382587661
1960000  2525.751434957  776.0066857225672  22.731225546
1970000  2554.014672884  771.3346445952368  28.263237927
1980000  2597.231962301  762.3500822182369  43.217289417
1990000  2612.34675238  761.767172825351  15.114790079
###### Done ######

