2000  2.166507057  923.1449274711501  2.166507057
4000  4.0673154  983.4496729710216  1.900808343
6000  4.963621215  1208.7948979402531  0.896305815
8000  5.991912939  1335.1328835120114  1.028291724
10000  7.149432121  1398.7124894335366  1.157519182
12000  11.621920873  1032.5315523252573  4.472488752
14000  12.802495359  1093.5368150833322  1.180574486
16000  13.764638104  1162.398886124758  0.962142745
18000  14.589546926  1233.760040068293  0.824908822
20000  15.471333159  1292.7134200045055  0.881786233
22000  16.340282565  1346.3659463957379  0.868949406
24000  17.173800511  1397.4775114353836  0.833517946
26000  18.44126565  1409.881539231555  1.267465139
28000  19.382532278  1444.5996837978282  0.941266628
30000  20.431779737  1468.300871787144  1.049247459
32000  21.337390297  1499.7147989789148  0.90561056
34000  22.147361676  1535.1715702030604  0.809971379
36000  23.393342659  1538.8993580252586  1.245980983
38000  24.317372671  1562.6688176439964  0.924030012
40000  25.198593048  1587.390213564911  0.881220377
42000  26.176434995  1604.4965637231533  0.977841947
44000  27.030508278  1627.790330373158  0.854073283
46000  27.846701676  1651.901203065842  0.816193398
48000  28.755095272  1669.269378034005  0.908393596
50000  29.812431609  1677.1526944117375  1.057336337
52000  30.754169246  1690.8276593022688  0.941737637
54000  31.805460051  1697.8216920431616  1.051290805
56000  32.721785801  1711.3980373983316  0.91632575
58000  33.944573543  1708.6678059610115  1.222787742
60000  35.004784617  1714.0513977298158  1.060211074
62000  35.801552293  1731.7684856955875  0.796767676
64000  36.642301187  1746.6151940999273  0.840748894
66000  37.485354214  1760.6876441186296  0.843053027
68000  38.324310772  1774.3306697554824  0.838956558
70000  39.463957011  1773.7704300784771  1.139646239
72000  40.368473997  1783.570020639143  0.904516986
74000  41.195641416  1796.3065376925797  0.827167419
76000  42.095429377  1805.4216603744799  0.899787961
78000  42.949245366  1816.0971010155931  0.853815989
80000  44.027573686  1817.043123260699  1.07832832
82000  44.920308798  1825.4549488682703  0.892735112
84000  45.825779255  1833.0293857651063  0.905470457
86000  46.77178545  1838.715353125353  0.946006195
88000  47.814418384  1840.4490313626231  1.042632934
90000  48.689780336  1848.4371746786514  0.875361952
92000  49.609366345  1854.4885125159929  0.919586009
94000  50.597427188  1857.8019718420312  0.988060843
96000  51.469442835  1865.1843640071143  0.872015647
98000  52.303038515  1873.696113695088  0.83359568
100000  53.163838562  1880.9777981584111  0.860800047
102000  53.981115058  1889.549704380988  0.817276496
104000  54.877085426  1895.1443793464703  0.895970368
106000  55.824983553  1898.7914237245418  0.947898127
108000  56.618285355  1907.5109626304225  0.793301802
110000  57.408141469  1916.104531260592  0.789856114
112000  58.331671693  1920.0546932626378  0.923530224
114000  59.300916947  1922.3986047616622  0.969245254
116000  60.135258392  1928.9848102728347  0.834341445
118000  60.969644327  1935.3893450177877  0.834385935
120000  61.765109952  1942.844432613437  0.795465625
122000  62.637001909  1947.7305152191589  0.871891957
124000  63.474328931  1953.545663078922  0.837327022
126000  64.723667045  1946.737657994514  1.249338114
128000  65.697825283  1948.3141100733108  0.974158238
130000  66.55697037  1953.2139049796115  0.859145087
132000  67.739310443  1948.6469398160302  1.182340073
134000  68.738081237  1949.4288695371836  0.998770794
136000  70.008710536  1942.6154111218182  1.270629299
138000  70.951100001  1945.001557383254  0.942389465
140000  71.888633263  1947.4566930187543  0.937533262
142000  72.848686844  1949.2458430181775  0.960053581
144000  73.913983691  1948.2105118565528  1.065296847
146000  75.127639548  1943.35933989672  1.213655857
148000  76.229848068  1941.4967201296038  1.10220852
150000  77.180958893  1943.484534935007  0.951110825
152000  78.087654158  1946.530493699403  0.906695265
154000  79.166402085  1945.26965914975  1.078747927
156000  80.06275623  1948.4715159174827  0.896354145
158000  81.04948562  1949.4263139532063  0.98672939
160000  81.921921431  1953.0791905895721  0.872435811
162000  82.781669948  1956.9549648099833  0.859748517
164000  83.736002691  1958.5362894045436  0.954332743
166000  84.651441665  1960.9825507394094  0.915438974
168000  85.649846211  1961.4746252565226  0.998404546
170000  86.479883896  1965.7750720900667  0.830037685
172000  87.352878929  1969.0249721454604  0.872995033
174000  88.521017267  1965.634889567248  1.168138338
176000  89.622070404  1963.8019876870062  1.101053137
178000  91.176868011  1952.2495549915716  1.554797607
180000  92.307214535  1950.010093000365  1.130346524
182000  93.177389095  1953.2635735740564  0.87017456
184000  93.995447467  1957.5416146042485  0.818058372
186000  95.482596043  1947.9989831470025  1.487148576
188000  96.656368827  1945.0347895490575  1.173772784
190000  97.77353679  1943.266104897953  1.117167963
192000  98.586236101  1947.5335259102408  0.812699311
194000  99.543028653  1948.9059417337037  0.956792552
196000  100.575131965  1948.7918749955777  1.032103312
198000  101.485157682  1951.0242140079804  0.910025717
200000  102.516068174  1950.9136817512453  1.030910492
202000  103.591604799  1949.9649647473168  1.075536625
204000  104.89209334  1944.8558371196675  1.300488541
206000  106.067913591  1942.1519008504317  1.175820251
208000  107.080166195  1942.469902607532  1.012252604
210000  108.297808381  1939.0974123982628  1.217642186
212000  109.326840354  1939.1395499361786  1.029031973
214000  111.201061868  1924.442054825217  1.874221514
216000  112.180240926  1925.472776818914  0.979179058
218000  113.297617785  1924.1357785093876  1.117376859
220000  114.191905047  1926.5813974243679  0.894287262
222000  115.484067249  1922.3431014196665  1.292162202
224000  116.555760299  1921.8269386718748  1.07169305
226000  117.503899449  1923.3404258051057  0.94813915
228000  118.409024331  1925.5289137646294  0.905124882
230000  119.453810121  1925.4304217422862  1.04478579
232000  120.385959809  1927.1350277730294  0.932149688
234000  121.646066609  1923.613368873922  1.2601068
236000  122.62086159  1924.63172204008  0.974794981
238000  123.521488137  1926.7902580321063  0.900626547
240000  124.424545438  1928.8798617278499  0.903057301
242000  125.605815754  1926.6623806174623  1.181270316
244000  126.686633917  1926.0121802577771  1.080818163
246000  127.550543156  1928.6472163362803  0.863909239
248000  128.602190363  1928.4274964522829  1.051647207
250000  129.628218392  1928.592424559842  1.026028029
252000  130.738974019  1927.504800239425  1.110755627
254000  131.752418954  1927.8583423100677  1.013444935
256000  132.801019754  1927.6960408452676  1.0486008
258000  133.913854275  1926.6117116619  1.112834521
260000  135.548237765  1918.1363349832848  1.63438349
262000  136.528339287  1919.0155052662185  0.980101522
264000  137.434106709  1920.9205511044497  0.905767422
266000  138.501769639  1920.5530780821043  1.06766293
268000  139.348677067  1923.2331848485605  0.846907428
270000  140.466751361  1922.163055555397  1.118074294
272000  141.450927912  1922.9283541301172  0.984176551
274000  142.383322951  1924.3826757315867  0.932395039
276000  143.476161076  1923.6645163219935  1.092838125
278000  144.327302353  1926.1774831768098  0.851141277
280000  145.443130343  1925.1510837237424  1.11582799
282000  146.525207534  1924.5835221531022  1.082077191
284000  147.600927493  1924.107150434192  1.075719959
286000  148.467858556  1926.3428649246987  0.866931063
288000  149.350138216  1928.3544256482403  0.88227966
290000  150.234757771  1930.3122945892555  0.884619555
292000  151.374911337  1928.9854403279016  1.140153566
294000  152.71267319  1925.1840325931237  1.337761853
296000  153.955833354  1922.6293252519326  1.243160164
298000  155.148643403  1920.7386765602735  1.192810049
300000  156.069413501  1922.2216145386985  0.920770098
302000  157.30994058  1919.7769631501315  1.240527079
304000  158.550885449  1917.3655141634997  1.240944869
306000  159.422242771  1919.431032215183  0.871357322
308000  160.365494498  1920.6126664850663  0.943251727
310000  161.411545253  1920.5565470183633  1.046050755
312000  162.614338345  1918.6499983664771  1.202793092
314000  163.847616736  1916.4148142962222  1.233278391
316000  164.823551458  1917.201742134057  0.975934722
318000  166.101775017  1914.4888726652903  1.278223559
320000  167.124066816  1914.745171635352  1.022291799
322000  168.023115788  1916.4029811605053  0.899048972
324000  169.017748695  1916.9584407651314  0.994632907
326000  169.91419503  1918.615451419121  0.896446335
328000  170.80041437  1920.3700483387768  0.88621934
330000  171.676175884  1922.2236183952393  0.875761514
332000  173.001123119  1919.062685920435  1.324947235
334000  173.913807762  1920.4915601472942  0.912684643
336000  174.9831737  1920.184626300443  1.069365938
338000  175.943570483  1921.070483406259  0.960396783
340000  176.953555061  1921.4081338054727  1.009984578
342000  178.100226216  1920.2670724585284  1.146671155
344000  179.35302315  1918.0050269478827  1.252796934
346000  180.514886809  1916.7394230820269  1.161863659
348000  181.576686492  1916.5456024297062  1.061799683
350000  182.667600072  1916.0486033759928  1.09091358
352000  183.882772951  1914.2630620096147  1.215172879
354000  185.239810089  1911.0362930620463  1.357037138
356000  186.789308908  1905.8906640922469  1.549498819
358000  187.682528785  1907.4764301055825  0.893219877
360000  188.744163295  1907.3437488889847  1.06163451
362000  189.863178632  1906.6361503493108  1.119015337
364000  190.998639842  1905.7727337802621  1.13546121
366000  191.959133424  1906.6558254958254  0.960493582
368000  193.021975071  1906.518674180166  1.062841647
370000  194.474542086  1902.5626492354952  1.452567015
372000  195.597205441  1901.867662992814  1.122663355
374000  196.675811382  1901.6064933047933  1.078605941
376000  197.844187181  1900.4854545259504  1.168375799
378000  198.737361592  1902.0077401249753  0.893174411
380000  199.974931661  1900.2381790742688  1.237570069
382000  201.007162015  1900.4297964840355  1.032230354
384000  201.902496127  1901.9081356897027  0.895334112
386000  202.82220373  1903.1446897887424  0.919707603
388000  204.189638419  1900.1943634564775  1.367434689
390000  205.203615614  1900.5513077002151  1.013977195
392000  206.138114132  1901.6376551741607  0.934498518
394000  207.028232989  1903.1220733112973  0.890118857
396000  207.94950727  1904.3084314012667  0.921274281
398000  208.838911092  1905.7751159441198  0.889403822
400000  209.821158696  1906.385430744576  0.982247604
402000  211.087153605  1904.4266462195446  1.265994909
404000  212.402831366  1902.0462081498863  1.315677761
406000  213.465321362  1901.948276233097  1.062489996
408000  214.410480243  1902.8920579702879  0.945158881
410000  215.440513041  1903.0775326921628  1.030032798
412000  216.446389625  1903.4736532857057  1.005876584
414000  217.580156556  1902.7470452869454  1.133766931
416000  218.631055205  1902.748900927805  1.050898649
418000  220.477836429  1895.8821746901876  1.846781224
420000  222.263740154  1889.6469559496945  1.785903725
422000  224.985711452  1875.674669633553  2.721971298
424000  226.417738847  1872.6447943485323  1.432027395
426000  227.783478279  1870.1970977816704  1.365739432
428000  228.970224918  1869.2386756980195  1.186746639
430000  230.77956144  1863.2499226401164  1.809336522
432000  231.932743967  1862.6089296881087  1.153182527
434000  234.262483571  1852.6227221033614  2.329739604
436000  235.339016341  1852.6464790192188  1.07653277
438000  236.762146097  1849.957889047661  1.423129756
440000  237.874081134  1849.7181277691948  1.111935037
442000  239.031193072  1849.1310456993892  1.157111938
444000  240.346712921  1847.3312765710225  1.315519849
446000  241.910943361  1843.6536760325102  1.56423044
448000  243.293907397  1841.3942412004856  1.382964036
450000  245.400322458  1833.7384217456233  2.106415061
452000  247.332737471  1827.4976641658584  1.932415013
454000  248.633153656  1825.983354690253  1.300416185
456000  249.925044874  1824.5470366120887  1.291891218
458000  251.441774934  1821.4952551946417  1.51673006
460000  252.821042131  1819.46880735366  1.379267197
462000  254.147908185  1817.8390815780383  1.326866054
464000  255.696759225  1814.6495145513513  1.54885104
466000  257.304759264  1811.0819299765628  1.608000039
468000  258.669830383  1809.256221752088  1.365071119
470000  259.970717717  1807.8959204614519  1.300887334
472000  261.241081061  1806.7602464475626  1.270363344
474000  262.933789351  1802.735210145395  1.69270829
476000  264.374487191  1800.476305628194  1.44069784
478000  266.027113642  1796.8093306581438  1.652626451
480000  267.297461271  1795.7521845422661  1.270347629
482000  268.308130504  1796.4420202048786  1.010669233
484000  269.450194438  1796.250327484427  1.142063934
486000  270.729298627  1795.1511065287077  1.279104189
488000  272.385753008  1791.5768156408217  1.656454381
490000  273.622870086  1790.785981617664  1.237117078
492000  274.776900418  1790.5435254985146  1.154030332
494000  275.785409878  1791.2477683954792  1.00850946
496000  276.944571518  1790.9720969842608  1.15916164
498000  277.936056259  1791.7790397656404  0.991484741
500000  279.169964409  1791.0236191006256  1.23390815
502000  279.927605814  1793.320807143107  0.757641405
504000  281.012416313  1793.5150574935085  1.084810499
506000  282.043138374  1794.051799725135  1.030722061
508000  283.462171938  1792.1262527795486  1.419033564
510000  284.44170139  1792.986040751934  0.979529452
512000  285.621058962  1792.5849090424324  1.179357572
514000  286.585148741  1793.533273646797  0.964089779
516000  287.68589765  1793.6228512242471  1.100748909
518000  288.800410807  1793.6262574992315  1.114513157
520000  289.841156627  1794.0861334237434  1.04074582
522000  291.078934195  1793.3279900300208  1.237777568
524000  292.02022415  1794.3962666463833  0.941289955
526000  293.048046679  1794.9275074888035  1.027822529
528000  294.015275476  1795.825060943474  0.967228797
530000  295.164734625  1795.6074619596843  1.149459149
532000  296.25712004  1795.7374321608556  1.092385415
534000  297.380247211  1795.6807992735019  1.123127171
536000  298.639006913  1794.809075815566  1.258759702
538000  299.85748475  1794.1856627275665  1.218477837
540000  301.05197595  1793.7102000276707  1.1944912
542000  302.011884752  1794.6313617593842  0.959908802
544000  303.046192743  1795.1058717353437  1.034307991
546000  304.029254067  1795.879813196121  0.983061324
548000  304.987092215  1796.7973530292506  0.957838148
550000  305.894630812  1798.0047526170044  0.907538597
552000  307.021826378  1797.9177783939929  1.127195566
554000  307.961376726  1798.9268845648328  0.939550348
556000  308.954405309  1799.618294628031  0.993028583
558000  309.983806393  1800.094032307491  1.029401084
560000  312.585094755  1791.5121654758377  2.601288362
562000  322.455965215  1742.8736343124624  9.87087046
564000  324.000077595  1740.7403238495513  1.54411238
566000  327.198101296  1729.8388889120347  3.198023701
568000  330.088064616  1720.7529168337824  2.88996332
570000  330.938874494  1722.372449811224  0.850809878
572000  332.28596749  1721.4088344468355  1.347092996
574000  333.634043853  1720.4479296270674  1.348076363
576000  336.273769573  1712.8900679092635  2.63972572
578000  339.309716109  1703.4584409434447  3.035946536
580000  340.532175947  1703.2164387610483  1.222459838
582000  342.205272946  1700.7335830615318  1.673096999
584000  348.180109064  1677.2928286166205  5.974836118
586000  349.603254394  1676.1857695397275  1.42314533
588000  350.978863864  1675.314557482421  1.37560947
590000  352.869209704  1672.0075987783525  1.89034584
592000  354.375356295  1670.5450576173507  1.506146591
594000  355.76673411  1669.6333385019082  1.391377815
596000  357.586763822  1666.728358817771  1.820029712
598000  360.451770338  1659.0291662023135  2.865006516
600000  361.607163969  1659.2591623860556  1.155393631
602000  362.697854196  1659.783737443019  1.090690227
604000  363.735549492  1660.547067350326  1.037695296
606000  364.623069832  1661.9902856920555  0.88752034
608000  365.594648203  1663.0440379488325  0.971578371
610000  366.562681711  1664.108296984054  0.968033508
612000  368.295895708  1661.7073584909526  1.733213997
614000  369.372229921  1662.2798095333808  1.076334213
616000  370.660287621  1661.8991043083088  1.2880577
618000  371.737132163  1662.4650768786212  1.076844542
620000  372.616321  1663.9099391462241  0.879188837
622000  373.64376045  1664.687239125553  1.02743945
624000  375.221715819  1663.0167543421342  1.577955369
626000  376.418500885  1663.0425936244028  1.196785066
628000  377.130385846  1665.206579923904  0.711884961
630000  378.678439789  1663.6806688837016  1.548053943
632000  380.246687011  1662.0789124238106  1.568247222
634000  381.242959162  1662.9815312355631  0.996272151
636000  382.510377926  1662.6999859414007  1.267418764
638000  383.670068612  1662.887079797721  1.159690686
640000  384.684772436  1663.6998546816062  1.014703824
642000  385.539040368  1665.2010115167743  0.854267932
644000  386.59216765  1665.838198209549  1.053127282
646000  387.883212322  1665.449752601629  1.291044672
648000  389.211987766  1664.9024705518248  1.328775444
650000  390.377354525  1665.055599321076  1.165366759
652000  391.611922606  1664.9135594780548  1.234568081
654000  392.67714081  1665.4903788159218  1.065218204
656000  393.863916573  1665.5498825783268  1.186775763
658000  395.397064571  1664.149936757675  1.533147998
660000  396.398240909  1664.9922524543047  1.001176338
662000  398.12300914  1662.802663503449  1.724768231
664000  402.444894464  1649.915327872042  4.321885324
666000  405.15622195  1643.8103721931502  2.711327486
668000  408.660563773  1634.6084237554571  3.504341823
670000  411.142505751  1629.6052843676828  2.481941978
672000  412.664631538  1628.4409872865958  1.522125787
674000  414.35109141  1626.639856809446  1.686459872
676000  416.386672469  1623.4909633192647  2.035581059
678000  418.835878093  1618.7724964895538  2.449205624
680000  420.534293396  1616.990601429196  1.698415303
682000  422.468323698  1614.3222148118382  1.934030302
684000  423.878341242  1613.6705593303523  1.410017544
686000  425.166222105  1613.4865949689295  1.287880863
688000  426.153665201  1614.4411187347112  0.987443096
690000  427.302900578  1614.7795839126236  1.149235377
692000  429.144264146  1612.511357636539  1.841363568
694000  430.414626649  1612.3987360818755  1.270362503
696000  431.512309526  1612.9319711980631  1.097682877
698000  432.445254705  1614.077140183103  0.932945179
700000  433.54347885  1614.6016124075766  1.098224145
702000  434.617440555  1615.2135982015736  1.073961705
704000  435.941912032  1614.894050261273  1.324471477
706000  437.338025854  1614.311946969115  1.396113822
708000  438.555205691  1614.3919643695829  1.217179837
710000  439.525845184  1615.377133744594  0.970639493
712000  440.888628654  1614.9203080462355  1.36278347
714000  441.64552115  1616.681174849949  0.756892496
716000  443.161777895  1615.662802421658  1.516256745
718000  443.834423301  1617.7203982059457  0.672645406
720000  445.101293112  1617.6093198157205  1.266869811
722000  446.928975262  1615.4692131490178  1.82768215
724000  447.875925292  1616.5191275417997  0.94695003
726000  448.883498951  1617.3461526133087  1.007573659
728000  449.999001061  1617.7813690331177  1.11550211
730000  450.932036893  1618.869231447441  0.933035832
732000  452.027517743  1619.3704393372313  1.09548085
734000  452.9632322  1620.4405740285601  0.935714457
736000  454.043447491  1620.990246785995  1.080215291
738000  455.200265327  1621.2644328531894  1.156817836
740000  456.619752791  1620.604442705102  1.419487464
742000  458.001238566  1620.082955066233  1.381485775
744000  458.688090945  1622.0172589769961  0.686852379
746000  459.833900188  1622.3249301432604  1.145809243
748000  466.512488668  1603.386872097918  6.67858848
750000  467.337038647  1604.83748981537  0.824549979
752000  470.15763903  1599.4635364246758  2.820600383
754000  472.163671711  1596.9038813759166  2.006032681
756000  474.29345678  1593.9498831219782  2.129785069
758000  476.863507094  1589.5533810486822  2.570050314
760000  478.524892131  1588.2141399489494  1.661385037
762000  481.743813879  1581.75357533785  3.218921748
764000  484.263071775  1577.654883325426  2.519257896
766000  485.604788878  1577.4144274191756  1.341717103
768000  486.729716488  1577.8777707297322  1.12492761
770000  487.803094389  1578.5057718103797  1.073377901
772000  488.866653443  1579.1627319289273  1.063559054
774000  490.659889735  1577.4674396515861  1.793236292
776000  491.705123835  1578.1816425821912  1.0452341
778000  492.946912178  1578.263258740262  1.241788343
780000  494.584294023  1577.0820250990969  1.637381845
782000  495.760967666  1577.3730709006575  1.176673643
784000  496.786543053  1578.1425865159927  1.025575387
786000  497.862648465  1578.748681837007  1.076105412
788000  499.529115083  1577.4856283783752  1.666466618
790000  500.742842178  1577.6561010115793  1.213727095
792000  502.219003324  1577.0012579333873  1.476161146
794000  503.281186787  1577.6468917286168  1.062183463
796000  504.325498004  1578.3457373271392  1.044311217
798000  505.611563482  1578.2866881137088  1.286065478
800000  506.521067902  1579.401234609221  0.90950442
802000  507.4533403  1580.440872703425  0.932272398
804000  508.746748611  1580.3540802867278  1.293408311
806000  510.147409798  1579.935494172453  1.400661187
808000  511.390292971  1580.0065255556585  1.242883173
810000  512.902397512  1579.2478333678466  1.512104541
812000  514.82984723  1577.2201327659998  1.927449718
814000  522.553742376  1557.7345141550854  7.723895146
816000  527.071707299  1548.1764410797623  4.517964923
818000  530.122340549  1543.040044592105  3.05063325
820000  532.821509717  1538.976908863027  2.699169168
822000  536.122273781  1533.232324415191  3.300764064
824000  538.577962213  1529.954914260156  2.455688432
826000  539.63114097  1530.6751914191702  1.053178757
828000  541.450932521  1529.2244417140905  1.819791551
830000  542.199861575  1530.8008334583278  0.748929054
832000  543.577272042  1530.6011542287492  1.377410467
834000  545.104977379  1529.9805259714906  1.527705337
836000  546.587235949  1529.4905277993062  1.48225857
838000  548.480051166  1527.858667272432  1.892815217
840000  549.503764725  1528.6519473080941  1.023713559
842000  550.169372225  1530.437793355846  0.6656075
844000  551.264898682  1531.0243805072482  1.095526457
846000  552.730262716  1530.5838255407518  1.465364034
848000  554.209441145  1530.1074594615836  1.479178429
850000  555.267274403  1530.7943384812013  1.057833258
852000  556.403976902  1531.2615210693646  1.136702499
854000  557.490052856  1531.865897202992  1.086075954
856000  558.476862424  1532.7403113615799  0.986809568
858000  559.479002988  1533.5696164068604  1.002140564
860000  560.674290797  1533.8673702650208  1.195287809
862000  561.94401195  1533.960646735565  1.269721153
864000  562.955147303  1534.758149275733  1.011135353
866000  566.204092142  1529.4838239756368  3.248944839
868000  571.66828347  1518.3630526627787  5.464191328
870000  575.081604715  1512.8287757198495  3.413321245
872000  578.66441524  1506.9183053848915  3.582810525
874000  580.537623288  1505.5010475460876  1.873208048
876000  584.724813419  1498.1406293977113  4.187190131
878000  587.332832246  1494.893443369187  2.608018827
880000  588.049522706  1496.47260310755  0.71669046
882000  589.692116318  1495.6957632521048  1.642593612
884000  591.042806837  1495.6615490014633  1.350690519
886000  592.440430418  1495.5090073357708  1.397623581
888000  594.471860809  1493.7628818823248  2.031430391
890000  595.923785286  1493.4795723464283  1.451924477
892000  597.3533704  1493.2534814404723  1.429585114
894000  598.609416769  1493.4613037418849  1.256046369
896000  600.010858713  1493.3063076923063  1.401441944
898000  601.383650786  1493.2231676506779  1.372792073
900000  602.860497844  1492.8826871534213  1.476847058
902000  603.944188788  1493.5154882608288  1.083690944
904000  605.123878035  1493.9089875870231  1.179689247
906000  606.771973185  1493.1474096345048  1.64809515
908000  608.231481796  1492.8526838479925  1.459508611
910000  609.356480503  1493.3787185603255  1.124998707
912000  610.721442809  1493.315832837432  1.364962306
914000  611.824841286  1493.891614598151  1.103398477
916000  612.930431452  1494.4599794629942  1.105590166
918000  614.19693816  1494.634608160255  1.266506708
920000  615.383709453  1495.002200850858  1.186771293
922000  616.879748824  1494.618686636531  1.496039371
924000  620.422226848  1489.3083452124206  3.542478024
926000  626.024541877  1479.1752368422938  5.602315029
928000  627.286020571  1479.388938327159  1.261478694
930000  632.036374875  1471.4342986729669  4.750354304
932000  635.109083417  1467.464447187047  3.072708542
934000  638.576003864  1462.6293414541108  3.466920447
936000  640.144477092  1462.1699217838918  1.568473228
938000  641.732943293  1461.6672087718139  1.588466201
940000  643.666498607  1460.3836024312502  1.933555314
942000  645.702179957  1458.8769083337022  2.03568135
944000  647.337453574  1458.2811403667486  1.635273617
946000  648.036807751  1459.7936238885502  0.699354177
948000  649.364864599  1459.8880408865593  1.328056848
950000  650.642798248  1460.0945442846455  1.277933649
952000  652.16352267  1459.7565900381087  1.520724422
954000  653.597061988  1459.6148842809753  1.433539318
956000  655.083677605  1459.355549042462  1.486615617
958000  656.168147558  1459.991624959699  1.084469953
960000  657.536484525  1459.995030836194  1.368336967
962000  658.267990276  1461.4108755260158  0.731505751
964000  659.849139067  1460.9399981381457  1.581148791
966000  661.36422248  1460.617262266878  1.515083413
968000  663.108773043  1459.790669874351  1.744550563
970000  664.796684704  1459.0927155900176  1.687911661
972000  668.958438712  1453.0050654140346  4.161754008
974000  673.576034175  1446.0134425550948  4.617595463
976000  677.633924353  1440.3056944527648  4.057890178
978000  682.52086613  1432.9232240845806  4.886941777
980000  685.632605332  1429.3369253136088  3.111739202
982000  688.647622395  1425.983286756687  3.015017063
984000  690.48231556  1425.0908065646101  1.834693165
986000  692.429939978  1423.9707775075806  1.947624418
988000  694.043903555  1423.5410684242186  1.613963577
990000  696.219745248  1421.9648419298317  2.175841693
992000  697.775118626  1421.6614687456367  1.555373378
994000  698.996476928  1422.038640836221  1.221358302
996000  701.41134837  1419.9941337056925  2.414871442
998000  702.314361953  1421.0160777927929  0.903013583
1000000  703.626287979  1421.208981364615  1.311926026
1002000  705.471660575  1420.3263660276762  1.845372596
1004000  706.153937932  1421.7863075864932  0.682277357
1006000  707.255195703  1422.4002964022802  1.101257771
1008000  708.308551438  1423.108612699324  1.053355735
1010000  709.472697229  1423.5924848761267  1.164145791
1012000  710.844624946  1423.6585105737806  1.371927717
1014000  717.296083999  1413.6421801536194  6.451459053
1016000  720.456887049  1410.2162367571336  3.16080305
1018000  725.30407049  1403.5492718416167  4.847183441
1020000  729.456621303  1398.3011055242923  4.152550813
1022000  733.549367867  1393.2259296627178  4.092746564
1024000  734.628604124  1393.9016181122674  1.079236257
1026000  736.080780169  1393.8687541392346  1.452176045
1028000  737.969101799  1393.0122514533075  1.88832163
1030000  739.903337925  1392.0737307234658  1.934236126
1032000  741.690274743  1391.4163838235495  1.786936818
1034000  742.843861791  1391.9479626674456  1.153587048
1036000  744.130886258  1392.2281941685258  1.287024467
1038000  745.601148192  1392.165238099532  1.470261934
1040000  747.332783637  1391.615653388968  1.731635445
1042000  748.600337544  1391.9309780417445  1.267553907
1044000  750.462179062  1391.1427239476502  1.861841518
1046000  751.655338808  1391.5952511676182  1.193159746
1048000  753.011528003  1391.7449614341426  1.356189195
1050000  754.56374267  1391.532538105539  1.552214667
1052000  760.676395325  1382.9796829051486  6.112652655
1054000  765.470390582  1376.9311170855688  4.793995257
1056000  768.752950585  1373.6532642852465  3.282560003
1058000  773.078722645  1368.5540282109623  4.32577206
1060000  776.9366629  1364.3325776948607  3.857940255
1062000  778.677160505  1363.8514828292318  1.740497605
1064000  779.878077102  1364.3158222292736  1.200916597
1066000  780.531674557  1365.7357346901022  0.653597455
1068000  781.955221334  1365.8071087216647  1.423546777
1070000  783.93362718  1364.9114706930616  1.978405846
1072000  785.425999325  1364.864418699258  1.492372145
1074000  786.970173305  1364.7277068831909  1.54417398
1076000  788.259701862  1365.0323585720666  1.289528557
1078000  789.512464923  1365.3995951857908  1.252763061
1080000  790.621325895  1366.0142531285976  1.108860972
1082000  792.204003931  1365.8098098860921  1.582678036
1084000  793.450573187  1366.1846580385838  1.246569256
1086000  794.678783826  1366.5899003512175  1.228210639
1088000  795.991976914  1366.8479476615992  1.313193088
1090000  797.482826868  1366.8005921592312  1.490849954
1092000  799.291702018  1366.2096043822162  1.80887515
1094000  806.601092458  1356.3086018966246  7.30939044
1096000  809.788456355  1353.439890873832  3.187363897
1098000  814.661988117  1347.7982476363038  4.873531762
1100000  818.044790679  1344.669647106938  3.382802562
1102000  821.55700075  1341.3554981504428  3.512210071
1104000  823.12095832  1341.236654031113  1.56395757
1106000  825.130742875  1340.3936400992263  2.009784555
1108000  826.473269229  1340.636220495831  1.342526354
1110000  827.190321536  1341.8919093962004  0.717052307
1112000  829.839291099  1340.0184974699375  2.648969563
1114000  831.619570365  1339.5548153238656  1.780279266
1116000  833.277921008  1339.2890557450467  1.658350643
1118000  835.013491241  1338.900522838768  1.735570233
1120000  836.565668543  1338.807032268778  1.552177302
1122000  837.625843019  1339.5002188041965  1.060174476
1124000  838.792522513  1340.0214830629702  1.166679494
1126000  839.987254945  1340.4965294071364  1.194732432
1128000  841.067428892  1341.1528746107758  1.080173947
1130000  842.57232288  1341.1311638359332  1.504893988
1132000  849.240365257  1332.9559525322732  6.668042377
1134000  855.448733988  1325.6200575730907  6.208368731
1136000  860.485062557  1320.185613245029  5.036328569
1138000  864.900275315  1315.7586284563686  4.415212758
1140000  866.967239971  1314.9285779681052  2.066964656
1142000  869.092332616  1314.0145841150593  2.125092645
1144000  870.855219659  1313.6511950263732  1.762887043
1146000  873.084904088  1312.5871202607489  2.229684429
1148000  874.721804239  1312.4172673376418  1.636900151
1150000  876.550987207  1311.96019031854  1.829182968
1152000  877.40491983  1312.9627768934822  0.853932623
1154000  879.014367959  1312.8340583095296  1.609448129
1156000  880.295676965  1313.195134600169  1.281309006
1158000  881.514910205  1313.6476610823318  1.21923324
1160000  882.835083928  1313.948687719579  1.320173723
1162000  883.939068862  1314.5702469017247  1.103984934
1164000  885.292938908  1314.8190263843992  1.353870046
1166000  886.872630671  1314.732194540511  1.579691763
1168000  893.097913213  1307.8073330146021  6.225282542
1170000  898.693347688  1301.8901308326917  5.595434475
1172000  904.438561535  1295.831524488406  5.745213847
1174000  905.139919459  1297.0370378777427  0.701357924
1176000  907.389187733  1296.0260226795197  2.249268274
1178000  912.387857187  1291.117577596784  4.998669454
1180000  913.954639138  1291.0925219581159  1.566781951
1182000  916.004125874  1290.3872009006527  2.049486736
1184000  917.532952373  1290.4168694299653  1.528826499
1186000  919.325439895  1290.0763413394259  1.792487522
1188000  921.104729093  1289.755618961818  1.779289198
1190000  922.931161294  1289.3702693184125  1.826432201
1192000  924.57979471  1289.2343168432292  1.648633416
1194000  925.896967563  1289.5603310405677  1.317172853
1196000  927.345174457  1289.7031579425739  1.448206894
1198000  928.844124813  1289.7750741990083  1.498950356
1200000  931.843618394  1287.769724782961  2.999493581
1202000  938.109343995  1281.300530363768  6.265725601
1204000  943.140112431  1276.5865687724997  5.030768436
1206000  948.854377861  1271.0064137751915  5.71426543
1208000  953.200844312  1267.3089907635454  4.346466451
1210000  954.938341466  1267.0975155761732  1.737497154
1212000  956.478026957  1267.1488166392426  1.539685491
1214000  958.042808724  1267.1667580459216  1.564781767
1216000  959.709841755  1267.0496301010396  1.667033031
1218000  960.387505884  1268.2380732128304  0.677664129
1220000  961.991255732  1268.2027957433725  1.603749848
1222000  964.526789299  1266.9425189196938  2.535533567
1224000  966.103581113  1266.9448948630231  1.576791814
1226000  967.74728534  1266.8596632325016  1.643704227
1228000  969.190765238  1267.0364225957574  1.443479898
1230000  972.137242933  1265.2534494913616  2.946477695
1232000  978.725164163  1258.7803451989498  6.58792123
1234000  984.314295184  1253.6646130587037  5.589131021
1236000  990.562183463  1247.7762836442541  6.247888279
1238000  994.277432817  1245.1253132563636  3.715249354
1240000  995.910323101  1245.092024088042  1.632890284
1242000  996.56755705  1246.2777773706775  0.657233949
1244000  998.148347485  1246.3077288405716  1.580790435
1246000  1000.107655442  1245.8658757584724  1.959307957
1248000  1001.955591983  1245.564184666155  1.847936541
1250000  1003.858062268  1245.1959564640997  1.902470285
1252000  1005.697245461  1244.9074566432741  1.839183193
1254000  1007.531646969  1244.6259169848026  1.834401508
1256000  1009.926030335  1243.655438392231  2.394383366
1258000  1011.454756332  1243.7531111743313  1.528725997
1260000  1015.509985557  1240.7558940042318  4.055229225
1262000  1023.797031677  1232.6662033126026  8.28704612
1264000  1024.995777117  1233.1758122509011  1.19874544
1266000  1030.602287303  1228.4079082659678  5.606510186
1268000  1038.371929045  1221.1424100863273  7.769641742
1270000  1040.784796601  1220.2330435144443  2.412867556
1272000  1042.617892777  1220.0059185748707  1.833096176
1274000  1043.93375855  1220.3839463622257  1.315865773
1276000  1045.528395648  1220.4355284001233  1.594637098
1278000  1046.89392779  1220.7540478316332  1.365532142
1280000  1048.594905917  1220.681116012704  1.700978127
1282000  1050.199671886  1220.7202442729024  1.604765969
1284000  1055.699817296  1216.2548282794564  5.50014541
1286000  1063.896540064  1208.7641528777217  8.196722768
1288000  1070.086455891  1203.6410636816777  6.189915827
1290000  1075.142697467  1199.8407309459446  5.056241576
1292000  1077.379911693  1199.2055782530279  2.237214226
1294000  1079.271925273  1198.9564165422767  1.89201358
1296000  1081.45836922  1198.3817749126467  2.186443947
1298000  1083.517566269  1197.9501213529484  2.059197049
1300000  1084.178486932  1199.0645596360523  0.660920663
1302000  1085.70475745  1199.2210507191787  1.526270518
1304000  1087.334424068  1199.263052043729  1.629666618
1306000  1088.831529217  1199.4509388786437  1.497105149
1308000  1090.278358494  1199.6936285213792  1.446829277
1310000  1091.6301861  1200.0401021156774  1.351827606
1312000  1093.330578748  1200.0030233329828  1.700392648
1314000  1100.276233572  1194.245553895275  6.945654824
1316000  1106.476859699  1189.3606165048925  6.200626127
1318000  1112.174199655  1185.0661527743116  5.697339956
1320000  1115.963008847  1182.8349054005012  3.788809192
1322000  1119.773897031  1180.5954786990374  3.810888184
1324000  1122.011383222  1180.0236787241531  2.237486191
1326000  1123.754198789  1179.973344196576  1.742815567
1328000  1125.579529661  1179.8366663615184  1.825330872
1330000  1127.103569029  1180.0157825299011  1.524039368
1332000  1128.413804758  1180.4180296125155  1.310235729
1334000  1129.74430654  1180.798161387121  1.330501782
1336000  1131.125353363  1181.1246172034585  1.381046823
1338000  1132.290532946  1181.6755161935196  1.165179583
1340000  1134.048859284  1181.606937858066  1.758326338
1342000  1134.96684844  1182.4133910559283  0.917989156
1344000  1136.451906039  1182.6281366225078  1.485057599
1346000  1138.624944371  1182.1276238977516  2.173038332
1348000  1142.523287737  1179.8446600331347  3.898343366
1350000  1154.802897227  1169.0306659618902  12.27960949
1352000  1156.27791172  1169.2690712986614  1.475014493
1354000  1157.203277653  1170.0623616847477  0.925365933
1356000  1159.189460043  1169.7828929101022  1.98618239
1358000  1162.787096126  1167.8836173228797  3.597636083
1360000  1165.112706364  1167.269048368883  2.325610238
1362000  1165.704562242  1168.3920987496736  0.591855878
1364000  1167.155929106  1168.6527617991674  1.451366864
1366000  1169.318196517  1168.2021233132675  2.162267411
1368000  1171.870237838  1167.3647438336197  2.552041321
1370000  1173.662921685  1167.2857467739746  1.792683847
1372000  1175.432797187  1167.2296394004122  1.769875502
1374000  1176.984848425  1167.3897092546592  1.552051238
1376000  1177.860683621  1168.219653762342  0.875835196
1378000  1180.322670759  1167.477363722824  2.461987138
1380000  1189.104518242  1160.5371763621117  8.781847483
1382000  1197.052042719  1154.5028542459247  7.947524477
1384000  1202.275812849  1151.1501647200014  5.22377013
1386000  1206.271390288  1148.9951690465687  3.995577439
1388000  1208.348797055  1148.674954932589  2.077406767
1390000  1210.204538008  1148.566177323995  1.855740953
1392000  1212.182453706  1148.3419808167034  1.977915698
1394000  1214.17018853  1148.1092298005774  1.987734824
1396000  1214.802958199  1149.1575572631407  0.632769669
1398000  1216.577727757  1149.1250974793757  1.774769558
1400000  1217.277221687  1150.1077774705816  0.69949393
1402000  1218.899236217  1150.2181298851865  1.62201453
1404000  1220.507313291  1150.3413250464077  1.608077074
1406000  1228.75429943  1144.2482851553168  8.246986139
1408000  1235.654226097  1139.4773475160443  6.899926667
1410000  1243.012495443  1134.3409701585397  7.358269346
1412000  1247.429670321  1131.9275415636469  4.417174878
1414000  1249.327925827  1131.8085274240505  1.898255506
1416000  1251.617378186  1131.3361612573995  2.289452359
1418000  1253.667968415  1131.0809845391227  2.050590229
1420000  1256.068416169  1130.5116677728352  2.400447754
1422000  1257.794515923  1130.5503259858801  1.726099754
1424000  1259.385412602  1130.7102541849297  1.590896679
1426000  1261.638871143  1130.2758916329954  2.253458541
1428000  1269.521796346  1124.8329915328275  7.882925203
1430000  1276.095887258  1120.6054453107754  6.574090912
1432000  1276.878666004  1121.4847879645865  0.782778746
1434000  1282.790789962  1117.875191513091  5.912123958
1436000  1287.249826934  1115.5565687045353  4.459036972
1438000  1288.828378747  1115.7420364983154  1.578551813
1440000  1289.562969386  1116.6573747737402  0.734590639
1442000  1291.720985978  1116.3401505846243  2.158016592
1444000  1293.524385223  1116.329940506733  1.803399245
1446000  1295.720604294  1115.9813274620903  2.196219071
1448000  1299.088675656  1114.6275286164005  3.368071362
1450000  1299.685168298  1115.654802692597  0.596492642
1452000  1301.780994722  1115.394990314849  2.095826424
1454000  1303.378620119  1115.5622606938634  1.597625397
1456000  1305.361985323  1115.399418989305  1.983365204
1458000  1313.45156647  1110.052351544629  8.089581147
1460000  1314.250525277  1110.8993087084982  0.798958807
1462000  1319.889935873  1107.6681170638715  5.639410596
1464000  1329.964437241  1100.7813133989173  10.074501368
1466000  1333.035449968  1099.7456969619163  3.071012727
1468000  1333.904627613  1100.528455791447  0.869177645
1470000  1336.488457054  1099.8972660342292  2.583829441
1472000  1338.581772963  1099.6713310548625  2.093315909
1474000  1340.053083423  1099.9564257819168  1.47131046
1476000  1341.685626596  1100.1086772799154  1.632543173
1478000  1343.405600084  1100.1889525453698  1.719973488
1480000  1344.981385693  1100.3869761643073  1.575785609
1482000  1347.633738856  1099.7053259130057  2.652353163
1484000  1363.883155192  1088.0697472879124  16.249416336
1486000  1365.047356998  1088.6069207650041  1.164201806
1488000  1369.21310865  1086.7555901996293  4.165751652
1490000  1373.95324769  1084.4619367544763  4.74013904
1492000  1376.832900342  1083.6463884828675  2.879652652
1494000  1378.884308551  1083.4846627343009  2.051408209
1496000  1380.7985832  1083.4310073906802  1.914274649
1498000  1382.698872483  1083.3884584789937  1.900289283
1500000  1384.564946873  1083.3727976341643  1.86607439
1502000  1386.461530028  1083.33333992301  1.896583155
1504000  1387.104706186  1084.2728694471932  0.643176158
1506000  1392.597552273  1081.4323187211585  5.492846087
1508000  1401.289670754  1076.1515134758552  8.692118481
1510000  1407.249926109  1073.0148014113602  5.960255355
1512000  1414.683074036  1068.790620139648  7.433147927
1514000  1417.074508842  1068.3983026673773  2.391434806
1516000  1418.993908304  1068.3625850176786  1.919399462
1518000  1421.572838379  1067.8313196606616  2.578930075
1520000  1423.37555248  1067.8840151157913  1.802714101
1522000  1424.783113288  1068.2327617483131  1.407560808
1524000  1426.289552793  1068.5067397539726  1.506439505
1526000  1427.789054476  1068.7853329706631  1.499501683
1528000  1436.886419853  1063.4104261047448  9.097365377
1530000  1443.250830345  1060.1067865897317  6.364410492
1532000  1451.458886536  1055.4897656496607  8.208056191
1534000  1455.134459547  1054.198112027085  3.675573011
1536000  1457.103198801  1054.1463372422224  1.968739254
1538000  1459.337443308  1053.9029249559233  2.234244507
1540000  1461.220614073  1053.9134099042105  1.883170765
1542000  1462.745411778  1054.1820795224128  1.524797705
1544000  1464.995463461  1053.9281782841529  2.250051683
1546000  1474.594290266  1048.423970040681  9.598826805
1548000  1484.593111556  1042.7099438562957  9.99882129
1550000  1490.231922283  1040.1065611488425  5.638810727
1552000  1493.186673166  1039.3877924916771  2.954750883
1554000  1495.837554774  1038.8828620062206  2.650881608
1556000  1497.813036643  1038.8479482642324  1.975481869
1558000  1498.662733184  1039.593475904972  0.849696541
1560000  1500.678432665  1039.5298326701832  2.015699481
1562000  1502.307951151  1039.7335638164377  1.629518486
1564000  1504.755162807  1039.3717454223472  2.447211656
1566000  1505.495985175  1040.1887586687699  0.740822368
1568000  1513.384252259  1036.0884868859155  7.888267084
1570000  1521.894737111  1031.608797715089  8.510484852
1572000  1528.042035859  1028.7675097343044  6.147298748
1574000  1531.18351201  1027.9630022490214  3.141476151
1576000  1533.294858565  1027.851878062754  2.111346555
1578000  1534.889455155  1028.0870682251489  1.59459659
1580000  1536.723866582  1028.1612945299373  1.834411427
1582000  1538.848210457  1028.041615313173  2.124343875
1584000  1540.347597111  1028.3393196255654  1.499386654
1586000  1541.129422176  1029.1153858841037  0.781825065
1588000  1542.759355939  1029.3244982678873  1.629933763
1590000  1543.318419381  1030.2475367576596  0.559063442
1592000  1545.475557788  1030.103641547453  2.157138407
1594000  1556.290666621  1024.2302637854111  10.815108833
1596000  1556.957626319  1025.076066953283  0.666959698
1598000  1563.359410904  1022.1577897279356  6.401784585
1600000  1571.581375567  1018.0828208292728  8.221964663
1602000  1574.208506598  1017.6542645307259  2.627131031
1604000  1575.969596277  1017.7861322891113  1.761089679
1606000  1578.257922515  1017.5776576751107  2.288326238
1608000  1580.812234727  1017.1986050434986  2.554312212
1610000  1582.883262538  1017.1312301442375  2.071027811
1612000  1583.433844666  1018.0406370813841  0.550582128
1614000  1584.999636198  1018.296763696151  1.565791532
1616000  1594.582340423  1013.4315168518161  9.582704225
1618000  1600.810425907  1010.7380448145573  6.228085484
1620000  1608.133665942  1007.3789476020011  7.323240035
1622000  1612.597130991  1005.8308853639231  4.463465049
1624000  1615.519348061  1005.2494895521857  2.92221707
1626000  1617.942500583  1004.9800900922601  2.423152522
1628000  1618.645042947  1005.7794987812571  0.702542364
1630000  1620.830737705  1005.6571374676563  2.185694758
1632000  1621.567100638  1006.4338375870448  0.736362933
1634000  1623.482508463  1006.4783522348863  1.915407825
1636000  1625.089372324  1006.7138631645822  1.606863861
1638000  1626.941584546  1006.7970574721561  1.852212222
1640000  1632.836987593  1004.386850899035  5.895403047
1642000  1635.58272909  1003.9235379512539  2.745741497
1644000  1641.821740962  1001.3267329720727  6.239011872
1646000  1649.265839025  998.019822549086  7.444098063
1648000  1651.594267289  997.8237589217963  2.328428264
1650000  1654.764469717  997.1207565764239  3.170202428
1652000  1657.04818713  996.9535061386817  2.283717413
1654000  1658.998049194  996.9873085767471  1.949862064
1656000  1660.904191246  997.0472762535924  1.906142052
1658000  1663.099556717  996.9337032792753  2.195365471
1660000  1665.438101631  996.7347320649897  2.338544914
1662000  1683.731300207  987.0933680425562  18.293198576
1664000  1692.35755948  983.2437540629929  8.626259273
1666000  1695.140831237  982.8091975014637  2.783271757
1668000  1697.392972502  982.6834604725186  2.252141265
1670000  1698.381974036  983.2888157847356  0.989001534
1672000  1700.358572389  983.3220046350833  1.976598353
1674000  1702.925667857  983.0141336154733  2.567095468
1676000  1704.687585713  983.1713529485221  1.761917856
1678000  1707.218887597  982.8850958659864  2.531301884
1680000  1716.257532383  978.8740723936362  9.038644786
1682000  1718.255349494  978.8999059396633  1.997817111
1684000  1725.642321511  975.8685093707383  7.386972017
1686000  1731.35192755  973.8054829706537  5.709606039
1688000  1733.576328835  973.7096497702942  2.224401285
1690000  1736.68281709  973.1195491596893  3.106488255
1692000  1738.573990201  973.2113844659465  1.891173111
1694000  1741.197098444  972.8938794544414  2.623108243
1696000  1743.939081573  972.5110343133317  2.741983129
1698000  1744.596442566  973.2909907247864  0.657360993
1700000  1746.243848451  973.5181037333242  1.647405885
1702000  1747.805823367  973.7923842828496  1.561974916
1704000  1756.585717598  970.063676898212  8.779894231
1706000  1758.049505035  970.3936067295422  1.463787437
1708000  1764.215224491  968.1358466299264  6.165719456
1710000  1766.175070296  968.193939977544  1.959845805
1712000  1771.136923689  966.6107555559131  4.961853393
1714000  1772.817231871  966.8227323078728  1.680308182
1716000  1778.292672673  964.9705171537562  5.475440802
1718000  1781.319611222  964.4535372411005  3.026938549
1720000  1783.51940498  964.3853580720013  2.199793758
1722000  1786.031084888  964.1489527087289  2.511679908
1724000  1787.627913605  964.4065114889119  1.596828717
1726000  1788.217896619  965.2067587867027  0.589983014
1728000  1797.2801509  961.4527813789589  9.062254281
1730000  1806.497825284  957.6540728622389  9.217674384
1732000  1815.029645528  954.2543860192177  8.531820244
1734000  1817.420467058  954.099522609075  2.39082153
1736000  1819.859012039  953.9200501334205  2.438544981
1738000  1821.824095731  953.9889191676511  1.965083692
1740000  1822.652329627  954.6527177545075  0.828233896
1742000  1825.393935404  954.3145543619091  2.741605777
1744000  1826.402363779  954.882688824109  1.008428375
1746000  1831.023937051  953.564814019888  4.621573272
1748000  1840.749512858  949.6131808211132  9.725575807
1750000  1846.540719282  947.7180663963162  5.791206424
1752000  1855.687280997  944.1245935892322  9.146561715
1754000  1858.263727304  943.8918568058865  2.576446307
1756000  1860.386877453  943.8896937415981  2.123150149
1758000  1862.184823072  944.0523723632712  1.797945619
1760000  1864.065669659  944.172744902256  1.880846587
1762000  1864.8905356  944.8275737176732  0.824865941
1764000  1867.277954601  944.6906367921704  2.387419001
1766000  1869.499283849  944.6379655006277  2.221329248
1768000  1871.558218294  944.6673807516405  2.058934445
1770000  1879.519559609  941.7300240111449  7.961341315
1772000  1880.381538088  942.36194309895  0.861978479
1774000  1886.323321331  940.4538341540813  5.941783243
1776000  1895.278449427  937.0654747522394  8.955128096
1778000  1900.032692214  935.7733723666606  4.754242787
1780000  1902.560400904  935.5813351072767  2.52770869
1782000  1904.51143679  935.6730369671659  1.951035886
1784000  1906.710448046  935.6428511881529  2.199011256
1786000  1907.846190299  936.1341648406657  1.135742253
1788000  1909.622432531  936.3107437056013  1.776242232
1790000  1911.328671103  936.5212938322204  1.706238572
1792000  1912.868760416  936.8128316394722  1.540089313
1794000  1920.919416644  933.9277766967766  8.050656228
1796000  1927.69244548  931.6838919046506  6.773028836
1798000  1931.172828531  931.0404400043772  3.480383051
1800000  1939.070551286  928.279787863434  7.897722755
1802000  1941.737588158  928.0347720463299  2.667036872
1804000  1943.766875052  928.0948364508677  2.029286894
1806000  1946.169558073  927.9766978722096  2.402683021
1808000  1946.851464783  928.6789632929307  0.68190671
1810000  1948.839726767  928.75775013201  1.988261984
1812000  1951.187253619  928.6653531787684  2.347526852
1814000  1953.27913443  928.6947103591294  2.091880811
1816000  1958.697676101  927.146655738595  5.418541671
1818000  1968.91785688  923.3498460320998  10.220180779
1820000  1970.047529855  923.8355787963939  1.129672975
1822000  1978.079419242  921.0954738602913  8.031889387
1824000  1983.045009981  919.7975793890206  4.965590739
1826000  1985.861005869  919.5004054178273  2.815995888
1828000  1988.103129659  919.4694041417957  2.24212379
1830000  1988.646222915  920.2240091339862  0.543093256
1832000  1990.617947184  920.3172324411188  1.971724269
1834000  1991.200875322  921.0522266887921  0.582928138
1836000  1993.207950313  921.1281741635071  2.007074991
1838000  1995.177354873  921.2213618558211  1.96940456
1840000  1999.756771112  920.1118988970021  4.579416239
1842000  2007.399448673  917.6051140283325  7.642677561
1844000  2016.291777657  914.5501759387181  8.892328984
1846000  2022.572442658  912.6990762190184  6.280665001
1848000  2024.448025727  912.8414148031112  1.875583069
1850000  2026.301112781  912.993625839234  1.853087054
1852000  2026.82366048  913.7450070823637  0.522547699
1854000  2029.231687408  913.6462886444333  2.408026928
1856000  2031.783383295  913.4832065562387  2.551695887
1858000  2034.393525784  913.2942945657365  2.610142489
1860000  2036.749036191  913.2200221773297  2.355510407
1862000  2050.10638943  908.2455474506862  13.357353239
1864000  2064.455091569  902.9016943077929  14.348702139
1866000  2068.058120656  902.2957243619894  3.603029087
1868000  2072.887599194  901.1583651358297  4.829478538
1870000  2073.62682883  901.8016038378072  0.739229636
1872000  2075.791212011  901.8248025948767  2.164383181
1874000  2077.628375534  901.989991120687  1.837163523
1876000  2079.673020734  902.0648829390902  2.0446452
1878000  2080.261631227  902.7710610094268  0.588610493
1880000  2081.920064003  903.0125759897048  1.658432776
1882000  2091.621636829  899.7803268344476  9.701572826
1884000  2100.855633467  896.7774700876863  9.233996638
1886000  2111.295923434  893.2902200334103  10.440289967
1888000  2112.499947481  893.7278328699133  1.204024047
1890000  2116.034773275  893.1800289249667  3.534825794
1892000  2118.601700426  893.0418585143041  2.566927151
1894000  2120.434926926  893.2129800114812  1.8332265
1896000  2122.372752753  893.3397762200988  1.937825827
1898000  2123.206550065  893.9309272298045  0.833797312
1900000  2125.409861449  893.9452265007717  2.203311384
1902000  2135.415823939  890.6930344327786  10.00596249
1904000  2145.621203883  887.388694963617  10.205379944
1906000  2153.182083058  885.2014954968666  7.560879175
1908000  2156.76247065  884.659310408425  3.580387592
1910000  2158.949032  884.6897132308031  2.18656135
1912000  2161.629219078  884.51802146509  2.680187078
1914000  2162.237698227  885.1940753643548  0.608479149
1916000  2164.246031409  885.2967602544785  2.008333182
1918000  2167.053706547  885.0726653453163  2.807675138
1920000  2169.308782333  885.0745526116946  2.255075786
1922000  2178.127935464  882.4091407608535  8.819153131
1924000  2191.126116938  878.0872927062287  12.998181474
1926000  2192.08413276  878.6159122346368  0.958015822
1928000  2200.048382616  876.3443637123486  7.964249856
1930000  2202.421740404  876.3080951271265  2.373357788
1932000  2204.97965321  876.1985613733001  2.557912806
1934000  2207.048600452  876.2833766342617  2.068947242
1936000  2208.084419109  876.7780720907442  1.035818657
1938000  2210.90601515  876.5637194525954  2.821596041
1940000  2213.15070037  876.5783548656068  2.24468522
1942000  2224.265494219  873.0972112130386  11.114793849
1944000  2232.475069039  870.782400645944  8.20957482
1946000  2233.355640243  871.3345805454727  0.880571204
1948000  2240.786444716  869.3376401814551  7.430804473
1950000  2244.051156991  868.9641472410607  3.264712275
1952000  2246.585104533  868.874273252054  2.533947542
1954000  2250.240435936  868.3516520256748  3.655331403
1956000  2252.250731239  868.4645865000886  2.010295303
1958000  2257.817433013  867.2091779303425  5.566701774
1960000  2266.666566282  864.7059206484774  8.849133269
1962000  2273.615527114  862.942734425487  6.948960832
1964000  2281.317964644  860.9058581215717  7.70243753
1966000  2282.479227947  861.3440928302947  1.161263303
1968000  2284.655869043  861.3988770327842  2.176641096
1970000  2285.843943295  861.8261127486608  1.188074252
1972000  2288.850839563  861.5677203222666  3.006896268
1974000  2291.286052697  861.5249054898525  2.435213134
1976000  2293.4068075  861.6003028934936  2.120754803
1978000  2294.146738762  862.1941947215619  0.739931262
1980000  2304.082572715  859.3442020903273  9.935833953
1982000  2313.663282554  856.6501508430888  9.580709839
1984000  2322.532543732  854.2399138192384  8.869261178
1986000  2325.093019993  854.1593746670743  2.560476261
1988000  2327.529123255  854.1246509602528  2.436103262
1990000  2330.01905808  854.0702674079478  2.489934825
1992000  2332.870726308  853.8835768034769  2.851668228
1994000  2333.583035415  854.4799862437254  0.712309107
1996000  2335.803141182  854.5240670367249  2.220105767
1998000  2346.496959809  851.4820322471813  10.693818627
###### Done ######

