10000  7.791760893  1283.4069393715415  7.791760893
20000  16.028084225  1247.8097643637757  8.236323332
30000  23.953873186  1252.4070644881638  7.925788961
40000  31.253411047  1279.8602987637594  7.299537861
50000  38.316942097  1304.9058005052734  7.06353105
60000  44.508707041  1348.0508419336898  6.191764944
70000  49.346248824  1418.547542482193  4.837541783
80000  54.415651989  1470.1652387840877  5.069403165
90000  59.409777569  1514.9021538663692  4.99412558
100000  64.238733484  1556.6932063644608  4.828955915
110000  68.967177392  1594.9616057907526  4.728443908
120000  74.564223525  1609.3508968113404  5.597046133
130000  79.185349953  1641.717818727337  4.621126428
140000  86.169723456  1624.7005837437418  6.984373503
150000  91.323394872  1642.5144970819565  5.153671416
160000  95.952909587  1667.4846097806847  4.629514715
170000  101.593444137  1673.3363205085645  5.64053455
180000  107.930115558  1667.7458285798903  6.336671421
190000  113.746743439  1670.3774917467683  5.816627881
200000  118.369344496  1689.626658418798  4.622601057
210000  123.016902916  1707.082482343056  4.64755842
220000  127.434775299  1726.3733504752872  4.417872383
230000  131.855400826  1744.3350712915758  4.420625527
240000  136.688151008  1755.8215414440233  4.832750182
250000  141.961797868  1761.0371505188805  5.27364686
260000  147.147893306  1766.9298157012652  5.186095438
270000  151.489054753  1782.306982113195  4.341161447
280000  156.286053324  1791.5866070245306  4.796998571
290000  160.902337308  1802.3355337895475  4.616283984
300000  165.471618599  1812.9997309509183  4.569281291
310000  169.8781218  1824.8376937259027  4.406503201
320000  174.525132943  1833.5468055739123  4.647011143
330000  179.713207822  1836.2590262528402  5.188074879
340000  184.187308861  1845.9469444585166  4.474101039
350000  188.523181157  1856.5356146230308  4.335872296
360000  193.218180103  1863.1787123141962  4.694998946
370000  198.859999454  1860.605456179677  5.641819351
380000  205.040620875  1853.2913057830692  6.180621421
390000  211.676782103  1842.4316362208754  6.636161228
400000  221.376991698  1806.8725070836426  9.700209595
410000  227.758737701  1800.1504756241009  6.381746003
420000  233.013509748  1802.4705968946719  5.254772047
430000  238.297829262  1804.4646119173426  5.284319514
440000  244.367679132  1800.5654494198693  6.06984987
450000  249.083771191  1806.6211132436058  4.716092059
460000  253.993168124  1811.0723347307792  4.909396933
470000  258.723471697  1816.611368567415  4.730303573
480000  263.295988945  1823.0433434375918  4.572517248
490000  269.400202959  1818.8553483553724  6.104214014
500000  274.06741569  1824.3686457260364  4.667212731
510000  279.266027524  1826.2156858881478  5.198611834
520000  283.778258549  1832.4166293035858  4.512231025
530000  288.543674266  1836.8103246353219  4.765415717
540000  292.974312866  1843.1650021378637  4.4306386
550000  297.663532585  1847.723821670844  4.689219719
560000  302.669438083  1850.2033226309197  5.005905498
570000  307.344791377  1854.5946311509729  4.675353294
580000  311.776935197  1860.3043859980214  4.43214382
590000  316.655349911  1863.2244810195912  4.878414714
600000  321.837341895  1864.2957851539522  5.181991984
610000  327.102542011  1864.8586350010282  5.265200116
620000  333.332871216  1860.0025786182948  6.230329205
630000  343.258307061  1835.3525232764243  9.925435845
640000  351.049288037  1823.105819637911  7.790980976
650000  358.152331789  1814.8702166846078  7.103043752
660000  363.159177143  1817.3848866832132  5.006845354
670000  368.229950523  1819.5152215304417  5.07077338
680000  373.032509857  1822.8974205510249  4.802559334
690000  378.063202864  1825.091663967658  5.030693007
700000  384.223245273  1821.8574972022657  6.160042409
710000  389.09784805  1824.733813250911  4.874602777
720000  393.873301425  1827.9989971269983  4.775453375
730000  399.213462673  1828.5956468305549  5.340161248
740000  404.252546901  1830.538869013541  5.039084228
750000  408.772407316  1834.761805290383  4.519860415
760000  413.779155659  1836.7285775659623  5.006748343
770000  424.554342101  1813.6665289759767  10.775186442
780000  438.103803136  1780.3999746559277  13.549461035
790000  451.796858328  1748.5734693322456  13.693055192
800000  458.018064096  1746.656000520366  6.221205768
810000  463.474255037  1747.6698893131318  5.456190941
820000  468.534497611  1750.13793900146  5.060242574
830000  473.443176994  1753.1142919195954  4.908679383
840000  478.45173765  1755.6629726663928  5.008560656
850000  483.329474556  1758.6347300272425  4.877736906
860000  487.84558617  1762.8528870205153  4.516111614
870000  502.384165515  1731.7424786033066  14.538579345
880000  513.822594422  1712.6533740500722  11.438428907
890000  519.463193715  1713.307142388788  5.640599293
900000  524.869488999  1714.7119786223936  5.406295284
910000  530.476379748  1715.4392443114823  5.606890749
920000  535.471000713  1718.1135836954477  4.994620965
930000  540.800851783  1719.6718476567207  5.32985107
940000  548.66338096  1713.254488308069  7.862529177
950000  567.37660827  1674.372870070666  18.71322731
960000  575.61372381  1667.7851140270575  8.23711554
970000  580.56961136  1670.772946120533  4.95588755
980000  585.878996632  1672.7003453505838  5.309385272
990000  591.242604507  1674.4395489318613  5.363607875
1000000  597.018367487  1674.9903427749648  5.77576298
1010000  601.846952266  1678.1675078643705  4.828584779
1020000  626.790869091  1627.3370438201332  24.943916825
1030000  636.132276237  1619.1600999919378  9.341407146
1040000  642.091135953  1619.7077669611783  5.958859716
1050000  647.373542517  1621.9383880249122  5.282406564
1060000  652.70884847  1624.0012717534348  5.335305953
1070000  657.28236354  1627.9152756163728  4.57351507
1080000  670.106367498  1611.6844315812643  12.824003958
1090000  692.037275128  1575.0596668342646  21.93090763
1100000  698.702030145  1574.3477942546117  6.664755017
1110000  704.030751114  1576.63567712579  5.328720969
1120000  709.975400364  1577.5194456396416  5.94464925
1130000  721.680808105  1565.7891789684286  11.705407741
1140000  737.847730996  1545.0342287576677  16.166922891
1150000  747.446768442  1538.5711043972988  9.599037446
1160000  752.676138447  1541.1674965456366  5.229370005
1170000  757.808354412  1543.9259717687178  5.132215965
1180000  763.257266565  1546.0055890598057  5.448912153
1190000  785.45419292  1515.0469762928667  22.196926355
1200000  792.224585038  1514.7219900306939  6.770392118
1210000  798.518867899  1515.305459448512  6.294282861
1220000  804.654567339  1516.1785560163428  6.13569944
1230000  823.053082654  1494.4358096974345  18.398515315
1240000  834.344812678  1486.1960920209558  11.291730024
1250000  840.68678987  1486.87955498063  6.341977192
1260000  847.145662506  1487.3475197555838  6.458872636
1270000  869.586463433  1460.464316551371  22.440800927
1280000  879.949001758  1454.6297540457015  10.362538325
1290000  886.654726297  1454.9068106674622  6.705724539
1300000  892.380293583  1456.7780231680872  5.725567286
1310000  915.485184081  1430.9352273297895  23.104890498
1320000  926.811552446  1424.2377498600601  11.326368365
1330000  942.372638002  1411.3312997073429  15.561085556
1340000  960.166874421  1395.5907412532297  17.794236419
1350000  967.133415698  1395.8777331932815  6.966541277
1360000  971.62403804  1399.7183547902418  4.490622342
1370000  977.164292878  1402.016027381637  5.540254838
1380000  1002.70967609  1376.2707520498043  25.545383212
1390000  1015.043070488  1369.4000189880935  12.333394398
1400000  1020.220505818  1372.2523631080103  5.17743533
1410000  1026.448157168  1373.6689867418443  6.22765135
1420000  1049.666863456  1352.8101623830325  23.218706288
1430000  1067.809453086  1339.1902421047678  18.14258963
1440000  1073.175689647  1341.8119827832288  5.366236561
1450000  1079.377330429  1343.367105388155  6.201640782
1460000  1087.276859208  1342.8042615231425  7.899528779
1470000  1111.263949259  1322.8180406466063  23.987090051
1480000  1119.027802137  1322.5766126396984  7.763852878
1490000  1125.347030627  1324.0360168452476  6.31922849
1500000  1146.908706482  1307.8634694482907  21.561675855
1510000  1157.429547679  1304.6150437648766  10.520841197
1520000  1165.694747097  1303.9434241128288  8.265199418
1530000  1179.588539952  1297.06244862489  13.893792855
1540000  1201.088834894  1282.169940523933  21.500294942
1550000  1208.566981067  1282.5106297638226  7.478146173
1560000  1225.252597048  1273.2068503739608  16.685615981
1570000  1245.092550939  1260.9504400423627  19.839953891
1580000  1254.488228251  1259.47774113658  9.395677312
1590000  1260.43108712  1261.4731707649664  5.942858869
1600000  1276.44069728  1253.485573916188  16.00961016
1610000  1304.23334006  1234.4416835149555  27.79264278
1620000  1310.585316499  1236.0889288211677  6.351976439
1630000  1316.496387949  1238.134806081325  5.91107145
1640000  1338.668695741  1225.0977446605657  22.172307792
1650000  1354.711728375  1217.9712963577892  16.043032634
1660000  1363.164344281  1217.754856165612  8.452615906
1670000  1385.300570254  1205.5145546455665  22.136225973
1680000  1399.186189444  1200.6979576232009  13.88561919
1690000  1405.056464856  1202.7986364044116  5.870275412
1700000  1417.397308876  1199.381422099711  12.34084402
1710000  1438.372109024  1188.8439641396492  20.974800148
1720000  1446.973359742  1188.688090502704  8.601250718
1730000  1453.625303634  1190.1278793613976  6.651943892
1740000  1483.042381293  1173.2638405673679  29.417077659
1750000  1494.91693637  1170.6336033956509  11.874555077
1760000  1502.81036193  1171.1391168075934  7.89342556
1770000  1532.136714094  1155.2493871584143  29.326352164
1780000  1542.613076451  1153.8862383399096  10.476362357
1790000  1549.600240115  1155.1366305074653  6.987163664
1800000  1575.093294748  1142.7894499976162  25.493054633
1810000  1586.925080631  1140.5705424230237  11.831785883
1820000  1593.916035138  1141.841828476508  6.990954507
1830000  1617.156099658  1131.6161750785918  23.24006452
1840000  1628.762129473  1129.6922777762202  11.606029815
1850000  1651.413400724  1120.252505634832  22.651271251
1860000  1677.76067468  1108.6205726897006  26.347273956
1870000  1685.852496964  1109.2310883470682  8.091822284
1880000  1715.474104041  1095.9069539851637  29.621607077
1890000  1734.790662011  1089.4686266117426  19.31655797
1900000  1742.237013573  1090.5519657761477  7.446351562
1910000  1775.300812113  1075.8740079247068  33.06379854
1920000  1783.305289289  1076.6524450591967  8.004477176
1930000  1802.050806945  1071.001989822868  18.745517656
1940000  1821.163465328  1065.2530851482884  19.112658383
1950000  1829.194918977  1066.0427599976942  8.031453649
1960000  1859.868291639  1053.8380641312829  30.673372662
1970000  1866.915484021  1055.2164877635353  7.047192382
1980000  1887.569518262  1048.9679881158002  20.654034241
1990000  1912.438989452  1040.5560705339021  24.86947119
###### Done ######

