1000  0.901945639  1108.7142691977692  0.901945639
2000  1.957269849  1021.8315073017814  1.05532421
3000  3.010432332  996.5346067111001  1.053162483
4000  3.667631082  1090.6222328715667  0.65719875
5000  4.186705783  1194.2563578989377  0.519074701
6000  4.640789542  1292.8834513392376  0.454083759
7000  5.27441707  1327.1608799794817  0.633627528
8000  5.704036757  1402.5155062653464  0.429619687
9000  6.318383692  1424.4149198149075  0.614346935
10000  6.840707269  1461.8371473541854  0.522323577
11000  7.371306339  1492.2728067617215  0.53059907
12000  7.783147579  1541.7926845403324  0.41184124
13000  8.401679613  1547.3096569744189  0.618532034
14000  9.059094662  1545.4082910432005  0.657415049
15000  9.94017892  1509.0271634667922  0.881084258
16000  10.340380621  1547.3318233089053  0.400201701
17000  10.7358137  1583.4850040290846  0.395433079
18000  11.205911436  1606.2950437189231  0.470097736
19000  11.642650393  1631.9308197576315  0.436738957
20000  12.106611944  1651.989845921504  0.463961551
21000  12.516286777  1677.8139055258562  0.409674833
22000  12.938179574  1700.3937744232767  0.421892797
23000  13.368577361  1720.4523247999177  0.430397787
24000  13.961591418  1719.0017442465742  0.593014057
25000  14.657805672  1705.5758931063006  0.696214254
26000  15.272364714  1702.4213661009614  0.614559042
27000  15.679782627  1721.9626472057723  0.407417913
28000  16.224208315  1725.8161049444095  0.544425688
29000  16.617540009  1745.1439854691914  0.393331694
30000  17.113558288  1752.996045307302  0.496018279
31000  17.515300477  1769.8811413887684  0.401742189
32000  17.911134795  1786.5981338565434  0.395834318
33000  18.323335997  1800.9820922021484  0.412201202
34000  18.788642551  1809.6038555052717  0.465306554
35000  19.327608117  1810.8810872057686  0.538965566
36000  19.971991832  1802.5242701290927  0.644383715
37000  20.606509626  1795.5491090696758  0.634517794
38000  21.190505078  1793.2559823433198  0.583995452
39000  21.61137491  1804.605221204781  0.420869832
40000  22.038281542  1815.023549988188  0.426906632
41000  22.528127667  1819.947072657008  0.489846125
42000  22.998379823  1826.2155996744189  0.470252156
43000  23.425240987  1835.6267935029207  0.426861164
44000  23.849015238  1844.93990887692  0.423774251
45000  24.352545925  1847.8560779061543  0.503530687
46000  24.815557285  1853.6758804850672  0.46301136
47000  25.248828553  1861.472499658428  0.433271268
48000  25.684486227  1868.8323985060492  0.435657674
49000  26.247621626  1866.8358108097027  0.563135399
50000  26.710138579  1871.94835594417  0.462516953
51000  27.143320939  1878.9152629707262  0.43318236
52000  27.566290758  1886.3618778637856  0.422969819
53000  28.299178108  1872.845910850578  0.73288735
54000  28.738856755  1878.9891490935893  0.439678647
55000  29.172531356  1885.3351918220833  0.433674601
56000  29.716442383  1884.478608786499  0.543911027
57000  30.448710451  1872.00046096297  0.732268068
58000  31.082890493  1865.978326985447  0.634180042
59000  31.666802066  1863.149928339215  0.583911573
60000  32.179636589  1864.5331756328742  0.512834523
61000  32.640798551  1868.8268274040486  0.461161962
62000  33.076107089  1874.4648465786083  0.435308538
63000  33.497081544  1880.7608632186816  0.420974455
64000  34.002098102  1882.2367904478085  0.505016558
65000  34.46622839  1885.9040584451952  0.464130288
66000  34.905962141  1890.794464664746  0.439733751
67000  35.430371458  1891.0329540130106  0.524409317
68000  35.873869445  1895.5301184962543  0.443497987
69000  36.480942481  1891.3985030934048  0.607073036
70000  37.13055102  1885.2399998668268  0.649608539
71000  37.554182376  1890.6016722487464  0.423631356
72000  38.053451625  1892.0754077587567  0.499269249
73000  38.528815604  1894.6858047829858  0.475363979
74000  39.039367784  1895.5224994788045  0.51055218
75000  39.463258319  1900.501965492557  0.423890535
76000  39.974808111  1901.1973688270646  0.511549792
77000  40.483116291  1902.0274883610737  0.50830818
78000  40.921209958  1906.1019964965915  0.438093667
79000  41.551613753  1901.2498640752854  0.630403795
80000  41.983784043  1905.4976063630568  0.43217029
81000  42.45297035  1907.9937006103978  0.469186307
82000  43.080256499  1903.4241358777292  0.627286149
83000  43.501986008  1907.9588684695068  0.421729509
84000  43.991094958  1909.4773630935547  0.48910895
85000  44.411917158  1913.900714927565  0.4208222
86000  44.880209706  1916.2120801878232  0.468292548
87000  45.446874952  1914.323044035206  0.566665246
88000  46.170405317  1905.9828345842634  0.723530365
89000  46.772234391  1902.838321898206  0.601829074
90000  47.17230926  1907.8989647071605  0.400074869
91000  47.636083218  1910.3165888671194  0.463773958
92000  48.099488693  1912.702244865836  0.463405475
93000  48.604487582  1913.4035688186386  0.504998889
94000  49.063259926  1915.8938917180828  0.458772344
95000  49.495194921  1919.378237657835  0.431934995
96000  49.936540678  1922.4399346968316  0.441345757
97000  50.367704904  1925.8372043133666  0.431164226
98000  50.819454708  1928.3953470790161  0.451749804
99000  51.275072181  1930.7627622742673  0.455617473
100000  51.82309714  1929.6415212284628  0.548024959
101000  52.284258894  1931.7477599666329  0.461161754
102000  52.703134128  1935.3687724201143  0.418875234
103000  53.126227496  1938.778732364445  0.423093368
104000  53.535458417  1942.6377035930107  0.409230921
105000  54.074454715  1941.7671533333742  0.538996298
106000  54.523100562  1944.1300826145045  0.448645847
107000  54.956559354  1946.992338271483  0.433458792
108000  55.37189161  1950.448085838836  0.415332256
109000  55.869141818  1950.9875479218874  0.497250208
110000  56.301945918  1953.7512994703168  0.4328041
111000  56.858663043  1952.2091104403037  0.556717125
112000  57.286669255  1955.079627713294  0.428006212
113000  57.729434537  1957.4070126665788  0.442765282
114000  58.20731804  1958.516623659921  0.477883503
115000  58.620069449  1961.7854615483022  0.412751409
116000  59.035498157  1964.9194742374773  0.415428708
117000  59.562235285  1964.3319200524527  0.526737128
118000  59.981951267  1967.2584420393728  0.419715982
119000  60.451699238  1968.513730796776  0.469747971
120000  60.864408117  1971.5956124854333  0.412708879
121000  61.287504278  1974.3013102825046  0.423096161
122000  61.736772132  1976.1318220387454  0.449267854
123000  62.162284453  1978.6917595185632  0.425512321
124000  62.624115426  1980.0678884881818  0.461830973
125000  63.130760125  1980.0173441995285  0.506644699
126000  63.703914883  1977.9004199571461  0.573154758
127000  64.188070063  1978.5608116173407  0.48415518
128000  64.675115972  1979.1228523720845  0.487045909
129000  65.092938628  1981.7817833854886  0.417822656
130000  65.572339991  1982.5432494530908  0.479401363
131000  66.090646926  1982.1261569231926  0.518306935
132000  66.708181138  1978.7677875211443  0.617534212
133000  67.392626088  1973.5096808118317  0.68444495
134000  68.011582967  1970.2526268947208  0.618956879
135000  68.447453099  1972.3158990991342  0.435870132
136000  69.406365335  1959.4744566089298  0.958912236
137000  69.976254106  1957.806998249327  0.569888771
138000  70.408387658  1959.9937534476414  0.432133552
139000  71.002530559  1957.676703994333  0.594142901
140000  71.592394774  1955.514973929094  0.589864215
141000  72.244127536  1951.7157284478  0.651732762
142000  72.703183785  1953.1469270991845  0.459056249
143000  73.413302249  1947.8758701655854  0.710118464
144000  73.885627643  1948.958201935809  0.472325394
145000  74.443592692  1947.7834794985959  0.557965049
146000  75.088432259  1944.3740614587227  0.644839567
147000  76.191128063  1929.3584927427564  1.102695804
148000  76.639709237  1931.113798231228  0.448581174
149000  77.229953877  1929.303236893088  0.59024464
150000  77.674791837  1931.1284453104674  0.44483796
151000  78.1239198  1932.826724344674  0.449127963
152000  78.568344092  1934.6214019989377  0.444424292
153000  79.12009997  1933.7690429867137  0.551755878
154000  79.677478143  1932.79209620077  0.557378173
155000  80.152259995  1933.8194582369742  0.474781852
156000  80.857453181  1929.3212173130516  0.705193186
157000  81.307128001  1930.950014592436  0.44967482
158000  81.746075829  1932.814491676778  0.438947828
159000  82.270972009  1932.637917327709  0.52489618
160000  82.702796166  1934.6383365182726  0.431824157
161000  83.109981367  1937.1921079978408  0.407185201
162000  83.552076381  1938.9105216401215  0.442095014
163000  84.168995431  1936.5800811252884  0.61691905
164000  84.602484395  1938.477352914383  0.433488964
165000  85.018188625  1940.7611790905762  0.41570423
166000  85.475358391  1942.0801869077477  0.457169766
167000  86.002555493  1941.8027643793982  0.527197102
168000  86.530307483  1941.516272006843  0.52775199
169000  86.954282249  1943.550054453397  0.423974766
170000  87.378902836  1945.5497206124248  0.424620587
171000  87.827790963  1946.9919273278626  0.448888127
172000  88.274605013  1948.465246314837  0.44681405
173000  88.828286766  1947.5778076834151  0.553681753
174000  89.480202512  1944.564217729226  0.651915746
175000  90.04567019  1943.4582432530397  0.565467678
176000  90.859775684  1937.0507870513356  0.814105494
177000  91.571207584  1932.9219813731793  0.7114319
178000  92.031581668  1934.118666373978  0.460374084
179000  92.522985463  1934.654389979474  0.491403795
180000  93.02909448  1934.8785560704084  0.506109017
181000  93.676922975  1932.1727726721374  0.647828495
182000  94.069220111  1934.745496829284  0.392297136
183000  94.569541799  1935.0839236268255  0.500321688
184000  95.148708147  1933.8150100338642  0.579166348
185000  95.648936806  1934.1563657443087  0.500228659
186000  96.262067596  1932.2252746597862  0.61313079
187000  97.010990713  1927.6166403992922  0.748923117
188000  97.777646112  1922.729861840346  0.766655399
189000  98.248281555  1923.6977686393082  0.470635443
190000  98.700448661  1925.0165787247902  0.452167106
191000  99.209337989  1925.2219989732966  0.508889328
192000  99.707755943  1925.627532022291  0.498417954
193000  100.26976173  1924.8076057036822  0.562005787
194000  100.951265594  1921.7193450572283  0.681503864
195000  101.46818178  1921.7847070798277  0.516916186
196000  102.179559065  1918.1918751021183  0.711377285
197000  102.650690451  1919.1298093999412  0.471131386
198000  103.155418007  1919.4338390113835  0.504727556
199000  103.805403411  1917.048568388035  0.649985404
200000  104.315584453  1917.2590658312533  0.510181042
201000  104.79401132  1918.0485360582722  0.478426867
202000  105.355687106  1917.3146277026758  0.561675786
203000  105.90117941  1916.8813900936707  0.545492304
204000  106.494370026  1915.5942229640361  0.593190616
205000  107.035762017  1915.2477278336262  0.541391991
206000  107.526440721  1915.8078572926113  0.490678704
207000  107.96243119  1917.3336291001692  0.435990469
208000  108.548570978  1916.1928906660248  0.586139788
209000  109.221592759  1913.5410381824718  0.673021781
210000  110.053364394  1908.16519927717  0.831771635
211000  110.635348906  1907.1662184504305  0.581984512
212000  111.262279424  1905.407664641735  0.626930518
213000  111.801608934  1905.1604179125954  0.53932951
214000  112.340103282  1904.9297067389177  0.538494348
215000  112.810316325  1905.8540655146949  0.470213043
216000  113.225042569  1907.7051781046437  0.414726244
217000  113.744374216  1907.786661940028  0.519331647
218000  114.307425106  1907.1377016658664  0.56305089
219000  114.762896612  1908.2822625191616  0.455471506
220000  115.196099295  1909.7868881533295  0.433202683
221000  115.983439446  1905.4444415135144  0.787340151
222000  116.487613719  1905.7820219025582  0.504174273
223000  117.029014513  1905.5103636306221  0.541400794
224000  117.530430334  1905.8893885050275  0.501415821
225000  118.047402045  1906.0139918558257  0.516971711
226000  118.545281173  1906.4445059621148  0.497879128
227000  118.998293917  1907.5903740126728  0.453012744
228000  119.555552452  1907.0632465316828  0.557258535
229000  120.046178983  1907.5992417253794  0.490626531
230000  120.671580117  1905.999737278637  0.625401134
231000  121.28579184  1904.5924217136233  0.614211723
232000  121.779647552  1905.0802384769247  0.493855712
233000  122.513764669  1901.827118197737  0.734117117
234000  123.040810005  1901.8080260564846  0.527045336
235000  123.563607526  1901.8544756436622  0.522797521
236000  124.105700795  1901.6048294979535  0.542093269
237000  124.605203036  1902.0072535135448  0.499502241
238000  125.110390986  1902.3200081489033  0.50518795
239000  125.686621694  1901.554809722516  0.576230708
240000  126.265028517  1900.7638363435447  0.578406823
241000  126.655550845  1902.7985618643258  0.390522328
242000  127.442223802  1898.8996957239394  0.786672957
243000  128.005829512  1898.351043279789  0.56360571
244000  128.542162902  1898.209851860238  0.53633339
245000  130.222535826  1881.3947865933333  1.680372924
246000  131.817978822  1866.2097704607152  1.595442996
247000  132.516472066  1863.919225656576  0.698493244
248000  132.975185324  1865.009621123948  0.458713258
249000  133.47170646  1865.5639206547685  0.496521136
250000  134.44497981  1859.4967276078614  0.97327335
251000  135.070730568  1858.2856474122393  0.625750758
252000  135.79868447  1855.6880796269468  0.727953902
253000  136.448727003  1854.1763309703688  0.650042533
254000  136.958198599  1854.580467604475  0.509471596
255000  137.494359969  1854.6215281666339  0.53616137
256000  138.145954444  1853.1125361602556  0.651594475
257000  139.555299487  1841.5638886142071  1.409345043
258000  139.961615513  1843.362546612191  0.406316026
259000  141.136242875  1835.1062400703715  1.174627362
260000  141.656467024  1835.426263708453  0.520224149
261000  142.128796677  1836.362553558693  0.472329653
262000  142.595124311  1837.3699750671553  0.466327634
263000  143.081306703  1838.1157263675289  0.486182392
264000  143.674105229  1837.491867996772  0.592798526
265000  144.192100044  1837.826066193194  0.517994815
266000  144.659910967  1838.7955462013263  0.467810923
267000  145.119890727  1839.8580557249813  0.45997976
268000  145.642444571  1840.1229173913741  0.522553844
269000  146.161811558  1840.426012325766  0.519366987
270000  146.694057346  1840.5653568035439  0.532245788
271000  147.116620339  1842.0760304004823  0.422562993
272000  147.592162203  1842.916289998435  0.475541864
273000  148.077275115  1843.631980585693  0.485112912
274000  148.644880146  1843.3194586377638  0.567605031
275000  149.211879024  1843.016801335017  0.566998878
276000  149.709175049  1843.5743828637412  0.497296025
277000  150.372425197  1842.0930542092917  0.663250148
278000  150.942270736  1841.7637328792118  0.569845539
279000  151.499776438  1841.5868759659747  0.557505702
280000  152.109666662  1840.777158641618  0.609890224
281000  152.581244474  1841.6418149472015  0.471577812
282000  153.095373854  1841.989035337739  0.51412938
283000  153.774446613  1840.357785271167  0.679072759
284000  154.506377277  1838.1118307553286  0.731930664
285000  154.976062531  1838.993682930815  0.469685254
286000  155.452073378  1839.7953387508533  0.476010847
287000  155.973916378  1840.05125129038  0.521843
288000  156.411615932  1841.2954708249297  0.437699554
289000  157.01796611  1840.5537096152366  0.606350178
290000  157.53442379  1840.8674943743226  0.51645768
291000  158.059913831  1841.074013940951  0.525490041
292000  158.531602201  1841.9040490726718  0.47168837
293000  159.028961643  1842.4316990621376  0.497359442
294000  159.636545705  1841.6835487238407  0.607584062
295000  160.412634078  1839.007268321256  0.776088373
296000  160.986435845  1838.6642231460605  0.573801767
297000  161.442253484  1839.6670858502027  0.455817639
298000  162.050901023  1838.9283744723189  0.608647539
299000  162.548239581  1839.4539416159241  0.497338558
300000  163.065778402  1839.7483698904693  0.517538821
301000  163.661504396  1839.1618793365842  0.595725994
302000  164.384149802  1837.1600933773584  0.722645406
303000  165.011790606  1836.2324224665592  0.627640804
304000  165.60162828  1835.7307422484723  0.589837674
305000  166.068310218  1836.5936258376003  0.466681938
306000  166.487503231  1837.9757883414684  0.419193013
307000  167.116780974  1837.0387354921768  0.629277743
308000  167.623079051  1837.45580706276  0.506298077
309000  168.081111776  1838.398120615725  0.458032725
310000  168.542710387  1839.2963972644816  0.461598611
311000  169.106033309  1839.0828163518177  0.563322922
312000  169.66786526  1838.8868129028995  0.561831951
313000  170.549816737  1835.2409049062092  0.881951477
314000  171.098674832  1835.1983164586945  0.548858095
315000  171.596207828  1835.7049027315409  0.497532996
316000  172.130483064  1835.8166106029444  0.534275236
317000  172.696810629  1835.5868811092448  0.566327565
318000  173.370292663  1834.224278655015  0.673482034
319000  173.827060912  1835.1573013219952  0.456768249
320000  174.376948607  1835.1049410848234  0.549887695
321000  174.880663185  1835.5374125064106  0.503714578
322000  175.410726364  1835.6916174659025  0.530063179
323000  175.833161897  1836.9686156767616  0.422435533
324000  176.448365156  1836.231238036963  0.615203259
325000  176.921555045  1836.9723232272984  0.473189889
326000  177.46909712  1836.9395308275405  0.547542075
327000  177.953346725  1837.560270812603  0.484249605
328000  178.487989257  1837.6586646831552  0.534642532
329000  179.007947449  1837.9072252852532  0.519958192
330000  179.477283566  1838.672802726299  0.469336117
331000  180.104287485  1837.8240997042749  0.627003919
332000  180.638619992  1837.9236954683522  0.534332507
333000  181.114959584  1838.611237662876  0.476339592
334000  181.569798116  1839.512977739924  0.454838532
335000  182.064665062  1840.005582005271  0.494866946
336000  182.655521303  1839.5282967801609  0.590856241
337000  183.183354449  1839.6868045880447  0.527833146
338000  183.707406947  1839.8822650494094  0.524052498
339000  184.22800321  1840.1111345357017  0.520596263
340000  184.812840389  1839.6990127112222  0.584837179
341000  185.384558862  1839.4196479645314  0.571718473
342000  185.862191564  1840.0729977523984  0.477632702
343000  186.344899003  1840.672869690294  0.482707439
344000  186.862006904  1840.9306723154768  0.517107901
345000  187.442393307  1840.5654874185607  0.580386403
346000  187.987915783  1840.5438379315722  0.545522476
347000  188.704482344  1838.8540414606273  0.716566561
348000  189.344575359  1837.9190390862113  0.640093015
349000  189.964149495  1837.1887586567273  0.619574136
350000  191.065310256  1831.8343582676018  1.101160761
351000  191.953327727  1828.5694973686493  0.888017471
352000  192.629780252  1827.3394671348867  0.676452525
353000  193.114888974  1827.9274160343282  0.485108722
354000  194.112231024  1823.6872459429487  0.99734205
355000  194.806125011  1822.3246316303166  0.693893987
356000  195.393063085  1821.9684689887515  0.586938074
357000  195.939975193  1821.9865530163336  0.546912108
358000  196.426250962  1822.5669850475206  0.486275769
359000  196.853110312  1823.6948323092645  0.42685935
360000  197.579960513  1822.0471300089837  0.726850201
361000  198.169935914  1821.6688537289708  0.589975401
362000  198.603348611  1822.7285820293062  0.433412697
363000  199.437628735  1820.1179100576412  0.834280124
364000  200.073285991  1819.333341765447  0.635657256
365000  200.553854609  1819.9600337355987  0.480568618
366000  201.060772319  1820.3451413153327  0.50691771
367000  201.582362913  1820.5957837610617  0.521590594
368000  202.035912315  1821.4583525439805  0.453549402
369000  202.556806522  1821.7111848074203  0.520894207
370000  203.131828348  1821.4772298811092  0.575021826
371000  203.96173997  1818.968597024957  0.829911622
372000  204.830645236  1816.1344928215806  0.868905266
373000  205.686343446  1813.440764957377  0.85569821
374000  206.458051652  1811.5060033134678  0.771708206
375000  207.164347704  1810.1570282537539  0.706296052
376000  207.964068338  1808.0046375554377  0.799720634
377000  208.902897366  1804.6662097725346  0.938829028
378000  211.869855667  1784.1141148182496  2.966958301
379000  212.731410068  1781.589281426997  0.861554401
380000  213.706153087  1778.1425312789268  0.974743019
381000  215.189571929  1770.5318923433138  1.483418842
382000  215.963298758  1768.8190641505907  0.773726829
383000  216.53635546  1768.7561018858573  0.573056702
384000  217.19003791  1768.0368938428167  0.65368245
385000  218.101333201  1765.234509800946  0.911295291
386000  218.456327271  1766.9435571951108  0.35499407
387000  219.824784155  1760.4930285164005  1.368456884
388000  220.823161394  1757.0620651867107  0.998377239
389000  221.554200674  1755.778039037877  0.73103928
390000  222.188682571  1755.2649193793936  0.634481897
391000  222.801035187  1754.9290095166223  0.612352616
392000  223.357382713  1755.0348917890708  0.556347526
393000  224.929674862  1747.212768795915  1.572292149
394000  225.471510625  1747.449151814543  0.541835763
395000  226.086635872  1747.1178624800764  0.615125247
396000  226.853563931  1745.61947865385  0.766928059
397000  227.406242833  1745.7744125852532  0.552678902
398000  227.95945211  1745.9245331399916  0.553209277
399000  228.581561623  1745.5476162074326  0.622109513
400000  229.04878567  1746.3528515549367  0.467224047
401000  229.919454428  1744.0890376050124  0.870668758
402000  230.709104859  1742.4539887391354  0.789650431
403000  231.349314718  1741.954587119617  0.640209859
404000  231.919101381  1741.9867427664058  0.569786663
405000  232.552404287  1741.5429491762088  0.633302906
406000  233.217585476  1740.8635766953375  0.665181189
407000  233.90819336  1739.998903645074  0.690607884
408000  235.126422492  1735.2367108544847  1.218229132
409000  235.660014332  1735.55111230621  0.53359184
410000  236.466143812  1733.8634334307337  0.80612948
411000  237.015627127  1734.062875861658  0.549483315
412000  237.70334002  1733.252885572979  0.687712893
413000  238.176214575  1734.0102610034103  0.472874555
414000  238.735819008  1734.1344156912078  0.559604433
415000  239.502743925  1732.756765951528  0.766924917
416000  240.168734573  1732.115550925533  0.665990648
417000  240.662825862  1732.7146330406451  0.494091289
418000  241.207829348  1732.9454069956205  0.545003486
419000  241.75341014  1733.1710016307777  0.545580792
420000  242.364579437  1732.9264902306995  0.611169297
421000  243.108323334  1731.7383223510592  0.743743897
422000  243.771635711  1731.128393051832  0.663312377
423000  244.332121192  1731.2500621545375  0.560485481
424000  244.82614194  1731.8412022516388  0.494020748
425000  245.560753672  1730.7325932371111  0.734611732
426000  246.069046485  1731.2214034444528  0.508292813
427000  246.671515514  1731.04705304235  0.602469029
428000  247.273635895  1730.875992706889  0.602120381
429000  248.008363703  1729.78037351089  0.734727808
430000  248.671747737  1729.1871871780795  0.663384034
431000  249.758548014  1725.6666625714074  1.086800277
432000  250.82512568  1722.3154930305543  1.066577666
433000  251.538099396  1721.4092061589522  0.712973716
434000  252.040205878  1721.9474904336398  0.502106482
435000  252.541291561  1722.4905967305076  0.501085683
436000  253.118616403  1722.5125761031636  0.577324842
437000  253.620076923  1723.049710030152  0.50146052
438000  254.644867924  1720.0425187077526  1.024791001
439000  255.281516366  1719.6701361276807  0.636648442
440000  255.827203109  1719.9109189828014  0.545686743
441000  256.549148775  1718.9688685608076  0.721945666
442000  257.033847668  1719.6178791631876  0.484698893
443000  257.533745491  1720.1629213888068  0.499897823
444000  258.065353069  1720.4944201916398  0.531607578
445000  258.578404518  1720.948046026879  0.513051449
446000  259.509090331  1718.6295841549659  0.930685813
447000  260.112378948  1718.4879927969955  0.603288617
448000  260.603054298  1719.0895985728214  0.49067535
449000  261.223119349  1718.8371424357958  0.620065051
450000  261.800178165  1718.8681961720697  0.577058816
451000  262.334922315  1719.1763720213335  0.53474415
452000  262.966516136  1718.8500142209605  0.631593821
453000  263.592903776  1718.5591626736555  0.62638764
454000  264.118050968  1718.9283289653147  0.525147192
455000  264.910909278  1717.558560498989  0.79285831
456000  265.362070599  1718.406850574667  0.451161321
457000  265.835295967  1719.109564956832  0.473225368
458000  266.639391669  1717.675686001229  0.804095702
459000  267.147739448  1718.1504172500918  0.508347779
460000  267.597868026  1718.9972528305273  0.450128578
461000  268.117465069  1719.3956383309894  0.519597043
462000  268.578723972  1720.1660398392714  0.461258903
463000  269.127643947  1720.3732519249481  0.548919975
464000  269.844765117  1719.507138850063  0.71712117
465000  270.378846404  1719.8090981762573  0.534081287
466000  271.194756876  1718.3223059621023  0.815910472
467000  271.731482982  1718.6083661529017  0.536726106
468000  272.166233907  1719.5373330547573  0.434750925
469000  272.67887448  1719.9718932916435  0.512640573
470000  273.298994775  1719.728242641137  0.620120295
471000  273.811236903  1720.1631508163991  0.512242128
472000  274.42020634  1719.9899609987299  0.608969437
473000  275.176282461  1718.8981396572103  0.756076121
474000  275.862588751  1718.2467624410046  0.68630629
475000  276.415988765  1718.4244736429835  0.553400014
476000  277.055145067  1718.0695196434244  0.639156302
477000  277.951918052  1716.1241532096985  0.896772985
478000  278.967178022  1713.4632231262126  1.01525997
479000  279.372266728  1714.558161445423  0.405088706
480000  280.042155498  1714.0276582517165  0.66988877
481000  280.620593889  1714.0580929361886  0.578438391
482000  281.040140576  1715.0574968121168  0.419546687
483000  281.73682144  1714.3659019481836  0.696680864
484000  282.26395345  1714.7070820919944  0.52713201
485000  282.996064863  1713.804749316183  0.732111413
486000  283.477593662  1714.4212130552878  0.481528799
487000  284.166711412  1713.782721347405  0.68911775
488000  284.883228595  1712.9825522082872  0.716517183
489000  285.489836488  1712.845564015566  0.606607893
490000  286.040828304  1713.042165712215  0.550991816
491000  286.580087205  1713.3081533636769  0.539258901
492000  287.223983705  1712.9488758338505  0.6438965
493000  287.91964747  1712.283285743355  0.695663765
494000  288.419851825  1712.7808535861  0.500204355
495000  289.137411249  1711.9887663852492  0.717559424
496000  289.66424392  1712.3273252082372  0.526832671
497000  290.246954292  1712.3349363383782  0.582710372
498000  290.74858348  1712.820038671853  0.501629188
499000  291.297886254  1713.0230720757518  0.549302774
500000  291.971465718  1712.4961124897181  0.673579464
501000  292.549200248  1712.5324546274335  0.57773453
502000  293.150405289  1712.4315400659511  0.601205041
503000  293.59511132  1713.2437857650905  0.444706031
504000  294.207679817  1713.0756080653396  0.612568497
505000  294.738453421  1713.383490136815  0.530773604
506000  295.289754704  1713.5711345868299  0.551301283
507000  296.169406377  1711.8581091884607  0.879651673
508000  296.689097986  1712.2300868094967  0.519691609
509000  297.160401462  1712.8796350246198  0.471303476
510000  297.62597481  1713.5601162686705  0.465573348
511000  298.151501727  1713.8937655524305  0.525526917
512000  298.923365679  1712.8135796176373  0.771863952
513000  299.467194714  1713.0423934746177  0.543829035
514000  300.541711726  1710.24513385552  1.074517012
515000  301.129476233  1710.2277945102821  0.587764507
516000  301.97752368  1708.7364440632862  0.848047447
517000  302.587655136  1708.5958109151245  0.610131456
518000  303.263285207  1708.086752560324  0.675630071
519000  303.82663935  1708.2109755429515  0.563354143
520000  304.384767687  1708.3640681215622  0.558128337
521000  305.442621479  1705.721347850009  1.057853792
522000  306.261226078  1704.4273174399643  0.818604599
523000  306.897281708  1704.1532498733984  0.63605563
524000  309.097135251  1695.2599692471745  2.199853543
525000  311.374763413  1686.0711325652703  2.277628162
526000  314.214819063  1674.0139805262882  2.84005565
527000  317.98820751  1657.294162342253  3.773388447
528000  320.561859539  1647.1079895759176  2.573652029
529000  321.45658303  1645.6343653433005  0.894723491
530000  322.030381654  1645.8074461106262  0.573798624
531000  322.838019288  1644.7876900344293  0.807637634
532000  324.969848612  1637.0749540988495  2.131829324
533000  325.722184175  1636.363827505333  0.752335563
534000  326.716957603  1634.442252149255  0.994773428
535000  327.769712212  1632.2435541389023  1.052754609
536000  328.216338739  1633.069219098904  0.446626527
537000  330.063614021  1626.9590987567442  1.847275282
538000  330.751325728  1626.5996782199904  0.687711707
539000  331.561910802  1625.6390810881667  0.810585074
540000  332.605854934  1623.5432779953735  1.043944132
541000  334.809682726  1615.8433519461296  2.203827792
542000  335.514912789  1615.4274499889523  0.705230063
543000  336.347036216  1614.4039980518478  0.832123427
544000  337.033511801  1614.0828165514963  0.686475585
545000  337.796936762  1613.3953292299632  0.763424961
546000  339.709431507  1607.2559351027298  1.912494745
547000  340.311965558  1607.3487134168186  0.602534051
548000  340.860186981  1607.6972932909475  0.548221423
549000  342.056493075  1604.9980372090909  1.196306094
550000  342.843992811  1604.228195718159  0.787499736
551000  343.417216993  1604.4623645390243  0.573224182
552000  344.081086981  1604.2730068173762  0.663869988
553000  344.695420298  1604.3149036384475  0.614333317
554000  345.394053085  1603.9650800347247  0.698632787
555000  346.007844433  1604.009877028868  0.613791348
556000  346.651975461  1603.914125285441  0.644131028
557000  347.518061164  1602.7943932880705  0.866085703
558000  348.063611298  1603.155233375602  0.545550134
559000  348.830922716  1602.4955461162162  0.767311418
560000  349.711161056  1601.3214971721363  0.88023834
561000  350.51311298  1600.510734763895  0.801951924
562000  351.173398575  1600.349007870463  0.660285595
563000  351.838218545  1600.1672653080252  0.66481997
564000  352.590843879  1599.5877652272507  0.752625334
565000  353.329003826  1599.0761977701645  0.738159947
566000  354.133436373  1598.267607252556  0.804432547
567000  354.936724081  1597.4678344938043  0.803287708
568000  355.672746886  1596.973636504275  0.736022805
569000  356.407689875  1596.486316553834  0.734942989
570000  357.075539699  1596.3008849065568  0.667849824
571000  357.634663833  1596.601386119083  0.559124134
572000  358.181432277  1596.9560352800286  0.546768444
573000  358.939871757  1596.3676512034788  0.75843948
574000  359.62650721  1596.1003666084573  0.686635453
575000  360.399363257  1595.4523193482137  0.772856047
576000  361.021600232  1595.472402841964  0.622236975
577000  361.543768483  1595.9340204397158  0.522168251
578000  362.094425688  1596.268705053294  0.550657205
579000  362.670218003  1596.491719634973  0.575792315
580000  363.219214872  1596.831820156856  0.548996869
581000  363.851124166  1596.8069394638728  0.631909294
582000  364.638655331  1596.1006642910381  0.787531165
583000  365.533942513  1594.927124939337  0.895287182
584000  366.141794907  1595.010479883445  0.607852394
585000  366.664806491  1595.4626395657615  0.523011584
586000  367.4905613  1594.5987780666298  0.825754809
587000  368.260755208  1593.97924350764  0.770193908
588000  368.894923238  1593.9498295037256  0.63416803
589000  371.872818962  1583.8748356065983  2.977895724
590000  373.181891414  1580.998471722377  1.309072452
591000  373.756043785  1581.245333225883  0.574152371
592000  375.193387987  1577.8529658430764  1.437344202
593000  375.728769928  1578.2661522396465  0.535381941
594000  376.345488184  1578.3369766600897  0.616718256
595000  376.748441981  1579.3031468727527  0.402953797
596000  377.619426702  1578.3086299485751  0.870984721
597000  378.485790303  1577.3379484658237  0.866363601
598000  379.092413841  1577.4517720916854  0.606623538
599000  379.754677131  1577.3340950672984  0.66226329
600000  380.421388753  1577.1983851033362  0.666711622
601000  380.980301198  1577.5093833201972  0.558912445
602000  381.526796703  1577.870821138227  0.546495505
603000  382.099115948  1578.1245620104037  0.572319245
604000  382.71529999  1578.1966386391712  0.616184042
605000  383.237528304  1578.6554168570065  0.522228314
606000  383.814275068  1578.8886431924284  0.576746764
607000  384.372920162  1579.1955368348279  0.558645094
608000  385.007789606  1579.1888278993015  0.634869444
609000  385.507398147  1579.7362201795638  0.499608541
610000  386.10302762  1579.8891911315388  0.595629473
611000  387.007896046  1578.7791573311367  0.904868426
612000  387.548580686  1579.156860584287  0.54068464
613000  388.099292997  1579.492699577627  0.550712311
614000  388.750522972  1579.4190971267806  0.651229975
615000  389.611175792  1578.496814804736  0.86065282
616000  390.138165815  1578.9278106467073  0.526990023
617000  390.661682701  1579.3716848146382  0.523516886
618000  391.259925564  1579.5126452297789  0.598242863
619000  391.745633454  1580.1069549705267  0.48570789
620000  392.292593682  1580.4529832714202  0.546960228
621000  392.914596339  1580.4961327122899  0.622002657
622000  393.603036211  1580.272362702412  0.688439872
623000  394.307631138  1579.9846383950965  0.704594927
624000  394.924858258  1580.0474114302215  0.61722712
625000  395.615055126  1579.8185430555538  0.690196868
626000  396.26514599  1579.7503422513912  0.650090864
627000  396.865587177  1579.8799902506064  0.600441187
628000  397.240740304  1580.9053208374469  0.375153127
629000  398.191641815  1579.6413936087429  0.950901511
630000  399.700628013  1576.1796600917764  1.508986198
631000  400.774161521  1574.4527980677628  1.073533508
632000  402.158474192  1571.5197877398653  1.384312671
633000  405.61035823  1560.6110326232338  3.451884038
634000  407.694112101  1555.0874569484492  2.083753871
635000  409.188287408  1551.8528255596036  1.494175307
636000  409.569721362  1552.8491654241907  0.381433954
637000  410.310349989  1552.4833824374095  0.740628627
638000  412.545300591  1546.4968309807925  2.234950602
639000  414.068726264  1543.2220775654266  1.523425673
640000  414.827243756  1542.8109161905622  0.758517492
641000  415.973456193  1540.9637092386827  1.146212437
642000  417.000211969  1539.567562732382  1.026755776
643000  417.921055121  1538.5680910808221  0.920843152
644000  419.439088698  1535.3838432156379  1.518033577
645000  420.247776883  1534.808832979437  0.808688185
646000  421.251641202  1533.5251826122333  1.003864319
647000  422.860141722  1530.0567165428322  1.60850052
648000  423.663402123  1529.5161129161434  0.803260401
649000  424.695004532  1528.1554835220554  1.031602409
650000  425.067273494  1529.169711554317  0.372268962
651000  425.732969694  1529.1275196936544  0.6656962
652000  426.297779467  1529.4473286142738  0.564809773
653000  426.937351815  1529.498408194927  0.639572348
654000  427.728558588  1529.0070930941763  0.791206773
655000  428.520921794  1528.5134673421471  0.792363206
656000  429.373936562  1527.8058217799535  0.853014768
657000  430.076462931  1527.6353314536232  0.702526369
658000  430.796027079  1527.404986674436  0.719564148
659000  432.112594199  1525.0654779492772  1.31656712
660000  434.375361115  1519.423197268471  2.262766916
661000  435.205703658  1518.8220063389545  0.830342543
662000  436.581401338  1516.326618520979  1.37569768
663000  437.673586099  1514.8275359939864  1.092184761
664000  438.357070103  1514.7468702717194  0.683484004
665000  439.067411362  1514.5738052777601  0.710341259
666000  439.741834437  1514.5249959051032  0.674423075
667000  440.378081712  1514.6076239920747  0.636247275
668000  441.285422589  1513.75949851431  0.907340877
669000  442.214071482  1512.8419540291159  0.928648893
670000  442.755281119  1513.2512893051705  0.541209637
671000  443.42912542  1513.206872382262  0.673844301
672000  444.103760744  1513.1598950529242  0.674635324
673000  444.749555321  1513.2111813226193  0.645794577
674000  445.411562992  1513.207235736055  0.662007671
675000  446.140936419  1512.97481333581  0.729373427
676000  447.011519621  1512.2652780249346  0.870583202
677000  447.758759773  1511.9748865286706  0.747240152
678000  448.473131292  1511.7962542076027  0.714371519
679000  449.384698824  1510.9548717988907  0.911567532
680000  450.039428056  1510.9787223251585  0.654729232
681000  450.637110374  1511.1937839180923  0.597682318
682000  451.173311552  1511.6142345698038  0.536201178
683000  451.77769954  1511.805475780302  0.604387988
684000  452.717563895  1510.8757745450362  0.939864355
685000  453.332230493  1511.03308770934  0.614666598
686000  453.913101875  1511.3024875605217  0.580871382
687000  454.667266091  1510.995075380024  0.754164216
688000  455.292037955  1511.118013594607  0.624771864
689000  455.94037266  1511.162514475978  0.648334705
690000  456.550028356  1511.3349187265076  0.609655696
691000  457.190588748  1511.4046898740385  0.640560392
692000  457.760011887  1511.709153334309  0.569423139
693000  458.362473862  1511.9038741566849  0.602461975
694000  459.26484211  1511.1106628836565  0.902368248
695000  459.887708773  1511.2384757015786  0.622866663
696000  460.609481722  1511.0414084355943  0.721772949
697000  461.123696728  1511.5250093320074  0.514215006
698000  461.483242842  1512.5142913130157  0.359546114
699000  462.25345882  1512.1574250289998  0.770215978
700000  462.846192743  1512.3814584096233  0.592733923
701000  463.497485226  1512.4138152727937  0.651292483
702000  464.022003075  1512.8592940592423  0.524517849
703000  464.64775593  1512.9740562136883  0.625752855
704000  465.301079327  1512.9988544583825  0.653323397
705000  465.844349072  1513.3810282434843  0.543269745
706000  466.436002412  1513.6052885051413  0.59165334
707000  466.967250167  1514.0248052666605  0.531247755
708000  467.498159543  1514.444464748484  0.530909376
709000  468.079380271  1514.700347598128  0.581220728
710000  468.97501135  1513.9399388384918  0.895631079
711000  469.583398869  1514.1080406855442  0.608387519
712000  470.182514189  1514.30556967458  0.59911532
713000  470.980832481  1513.8620318030955  0.798318292
714000  471.782677198  1513.4086826599296  0.801844717
715000  472.377043452  1513.621396109724  0.594366254
716000  473.652397302  1511.6570803366578  1.27535385
717000  475.890837802  1506.6480441430904  2.2384405
718000  477.572777127  1503.4357785621094  1.681939325
719000  479.275208512  1500.1819147547203  1.702431385
720000  480.68833064  1497.852046962269  1.413122128
721000  483.751516394  1490.4346044731956  3.063185754
722000  485.006621372  1488.6394704418399  1.255104978
723000  486.043052678  1487.522547676414  1.036431306
724000  487.284843046  1485.7839523066264  1.241790368
725000  490.581932969  1477.836730782772  3.297089923
726000  491.609286167  1476.7825190213705  1.027353198
727000  492.439695618  1476.3229009952834  0.830409451
728000  493.58984438  1474.9087897350146  1.150148762
729000  494.829377477  1473.2350850246041  1.239533097
730000  495.89361127  1472.089947136939  1.064233793
731000  497.667667958  1468.8516997686331  1.774056688
732000  498.449041918  1468.5553355330185  0.78137396
733000  499.260572783  1468.1712115060068  0.811530865
734000  500.249469346  1467.2679232615542  0.988896563
735000  501.073531832  1466.8505784225515  0.824062486
736000  501.782098563  1466.772134972036  0.708566731
737000  502.381357617  1467.0130346712945  0.599259054
738000  503.470930804  1465.8244495297417  1.089573187
739000  504.24849988  1465.5472454075039  0.777569076
740000  504.932418296  1465.5426611293542  0.683918416
741000  505.604212128  1465.5732334215734  0.671793832
742000  506.599601485  1464.6675556494097  0.995389357
743000  507.262705037  1464.7242791992862  0.663103552
744000  507.678609992  1465.4940849521392  0.415904955
745000  508.677056093  1464.5834544261295  0.998446101
746000  509.728405147  1463.5244817970502  1.051349054
747000  510.327885318  1463.7648098232428  0.599480171
748000  510.987049262  1463.8335767615033  0.659163944
749000  511.517406612  1464.2707957114294  0.53035735
750000  512.321467743  1463.9246005131854  0.804061131
751000  513.025804816  1463.8639868599805  0.704337073
752000  513.785303859  1463.6463798240015  0.759499043
753000  514.510655335  1463.5265415634951  0.725351476
754000  515.558001925  1462.493060304953  1.04734659
755000  516.531610583  1461.6724020972213  0.973608658
756000  517.293833714  1461.4517914744276  0.762223131
757000  518.071083127  1461.1894480403357  0.777249413
758000  518.705314572  1461.3306991570917  0.634231445
759000  519.329274112  1461.5005119782868  0.62395954
760000  520.236387446  1460.8743608479083  0.907113334
761000  520.885599707  1460.97338922033  0.649212261
762000  521.653505613  1460.7397281928866  0.767905906
763000  522.637771491  1459.902138001404  0.984265878
764000  523.335809929  1459.8657028718337  0.698038438
765000  523.908787641  1460.1778363836183  0.572977712
766000  524.742878774  1459.7625446383738  0.834091133
767000  525.483566626  1459.6079662865907  0.740687852
768000  526.100346483  1459.7975559873855  0.616779857
769000  526.801268597  1459.7535082784334  0.700922114
770000  527.387392531  1460.0273174993258  0.586123934
771000  527.973820277  1460.2996784868935  0.586427746
772000  528.801873213  1459.9040569000413  0.828052936
773000  529.513842612  1459.8296357785946  0.711969399
774000  530.464721774  1459.097972456227  0.950879162
775000  531.075957979  1459.301609037714  0.611236205
776000  531.655042541  1459.5930404255628  0.579084562
777000  532.291950165  1459.7252499481635  0.636907624
778000  532.906470655  1459.9184713290372  0.61452049
779000  533.526654575  1460.0957483943155  0.62018392
780000  534.396623943  1459.5900592425835  0.869969368
781000  535.195798489  1459.279019388737  0.799174546
782000  535.798329048  1459.5043649901786  0.602530559
783000  536.386359719  1459.768664531654  0.588030671
784000  537.103630909  1459.6810650360899  0.71727119
785000  537.773705876  1459.721796403719  0.670074967
786000  538.668276835  1459.1540541763895  0.894570959
787000  539.288651142  1459.3298010878689  0.620374307
788000  540.310434776  1458.4208434299187  1.021783634
789000  541.21144971  1457.8405545979742  0.901014934
790000  541.878654759  1457.890974412623  0.667205049
791000  542.488631656  1458.0950712006527  0.609976897
792000  543.0527375  1458.4218903785563  0.564105844
793000  544.200665379  1457.183076848551  1.147927879
794000  546.448083555  1453.0200103082325  2.247418176
795000  548.174474689  1450.2681841416154  1.726391134
796000  553.646043981  1437.7416919235081  5.471569292
797000  554.679405623  1436.8660381483471  1.033361642
798000  555.965057222  1435.3420051025869  1.285651599
799000  557.26177971  1433.7965191436615  1.296722488
800000  559.362554599  1430.199417931202  2.100774889
801000  560.352194274  1429.4581304134742  0.989639675
802000  562.723195616  1425.2122646589487  2.371001342
803000  564.853746356  1421.6069295465165  2.13055074
804000  565.716857241  1421.2056609398321  0.863110885
805000  567.894523955  1417.516750106554  2.177666714
806000  568.742185599  1417.1623283951053  0.847661644
807000  569.48885857  1417.0602073346897  0.746672971
808000  570.498254458  1416.3058233502181  1.009395888
809000  571.16517651  1416.402878311395  0.666922052
810000  571.886409796  1416.365183933884  0.721233286
811000  572.804622376  1415.840529770802  0.91821258
812000  573.626531934  1415.5551648950343  0.821909558
813000  574.259489964  1415.7362903153182  0.63295803
814000  574.895485949  1415.9095346805548  0.635995985
815000  575.598337638  1415.9179182907271  0.702851689
816000  576.473595388  1415.502820126193  0.87525775
817000  577.457814192  1414.8219660741386  0.984218804
818000  578.033603573  1415.1426403996156  0.575789381
819000  578.5998416  1415.486042538868  0.566238027
820000  579.337074824  1415.4108819103496  0.737233224
821000  580.197671143  1415.034980031228  0.860596319
822000  581.047498566  1414.6864103686194  0.849827423
823000  581.81269484  1414.5445902075533  0.765196274
824000  582.656805614  1414.2115771421809  0.844110774
825000  583.404392528  1414.1134529774813  0.747586914
826000  584.342147326  1413.5554037644677  0.937754798
827000  585.057881729  1413.53535406787  0.715734403
828000  585.732764429  1413.6139384437092  0.6748827
829000  586.403098718  1413.7033071830072  0.670334289
830000  586.766600015  1414.5317746081355  0.363501297
831000  587.593716171  1414.2424895472582  0.827116156
832000  588.452942623  1413.8768620841643  0.859226452
833000  589.323058099  1413.4861830912187  0.870115476
834000  589.981933807  1413.6026074873425  0.658875708
835000  591.244889505  1412.2743635028726  1.262955698
836000  591.848722813  1412.5231123699523  0.603833308
837000  592.44536701  1412.7884976537796  0.596644197
838000  593.115967882  1412.8771528314671  0.670600872
839000  593.787281904  1412.9639107623132  0.671314022
840000  594.549709949  1412.8339244704275  0.762428045
841000  596.221324149  1410.5500188212457  1.6716142
842000  597.469852104  1409.2761283851949  1.248527955
843000  602.182902855  1399.9068987234043  4.713050751
844000  604.003235887  1397.3435072091233  1.820333032
845000  606.601484058  1393.006812886738  2.598248171
846000  608.709556103  1389.825396230264  2.108072045
847000  609.199678032  1390.348732186147  0.490121929
848000  612.832546595  1383.738518314064  3.632868563
849000  615.078887401  1380.3107493860302  2.246340806
850000  615.937968374  1380.0090977406294  0.859080973
851000  616.411252408  1380.5718125287024  0.473284034
852000  617.487018672  1379.7860914264336  1.075766264
853000  619.629969801  1376.6280547629885  2.142951129
854000  621.817813438  1373.3926264966199  2.187843637
855000  622.551678007  1373.3799621858643  0.733864569
856000  623.372805762  1373.1750761145902  0.821127755
857000  624.26427458  1372.816025034562  0.891468818
858000  624.915220999  1372.9862406429895  0.650946419
859000  625.841949466  1372.5510102557719  0.926728467
860000  626.725757394  1372.2110346572988  0.883807928
861000  627.616876308  1371.8560359066387  0.891118914
862000  628.360176223  1371.8246837051033  0.743299915
863000  629.045453753  1371.9199381398985  0.68527753
864000  629.703626438  1372.074042017715  0.658172685
865000  630.781905243  1371.3139086746166  1.078278805
866000  631.520215698  1371.2941857971034  0.738310455
867000  632.297823886  1371.1892833531492  0.777608188
868000  633.06910585  1371.098339784827  0.771281964
869000  633.781919211  1371.1340978010621  0.712813361
870000  634.641118145  1370.8535030678966  0.859198934
871000  635.249829588  1371.1141025648114  0.608711443
872000  635.904632852  1371.2748027784046  0.654803264
873000  636.631662614  1371.2795816901018  0.727029762
874000  637.534039243  1370.9071927167633  0.902376629
875000  638.188708342  1371.0678182840784  0.654669099
876000  638.774793375  1371.3753408640443  0.586085033
877000  639.631531871  1371.1018864793427  0.856738496
878000  640.462135412  1370.8851022632202  0.830603541
879000  641.022251782  1371.2472500859953  0.56011637
880000  641.665351183  1371.4313830061055  0.643099401
881000  642.04105005  1372.1864044851816  0.375698867
882000  642.875833381  1371.9601114283653  0.834783331
883000  643.567834529  1372.0387387698302  0.692001148
884000  644.204587246  1372.2348730535045  0.636752717
885000  644.762555437  1372.5983193924383  0.557968191
886000  645.655578712  1372.2486558041617  0.893023275
887000  647.246753567  1370.4201606446247  1.591174855
888000  649.660869748  1366.8669937662253  2.414116181
889000  654.370770447  1358.55701408045  4.709900699
890000  656.235524627  1356.2203913082428  1.86475418
891000  658.572713362  1352.9257770967515  2.337188735
892000  660.229132753  1351.0461077059263  1.656419391
893000  661.721821978  1349.5096736128028  1.492689225
894000  664.273202251  1345.8318007869843  2.551380273
895000  665.552734286  1344.7469357332734  1.279532035
896000  667.155480446  1343.0152734427293  1.60274616
897000  669.805213652  1339.1953089007156  2.649733206
898000  672.334566684  1335.6445503449231  2.529353032
899000  672.811179843  1336.1846933188313  0.476613159
900000  674.331980392  1334.654185430766  1.520800549
901000  675.298752635  1334.2242918179827  0.966772243
902000  675.975042918  1334.3687898687974  0.676290283
903000  676.668729546  1334.4786903421018  0.693686628
904000  677.397917403  1334.5184222971106  0.729187857
905000  678.067068301  1334.6762323491319  0.669150898
906000  679.026104576  1334.2638727648446  0.959036275
907000  679.840600761  1334.1362651549823  0.814496185
908000  680.547399042  1334.2200723684828  0.706798281
909000  681.149122235  1334.5095373790855  0.601723193
910000  681.948925912  1334.4107827181006  0.799803677
911000  682.81507552  1334.1826105790428  0.866149608
912000  683.488028647  1334.332075728307  0.672953127
913000  684.160852287  1334.4814994135381  0.67282364
914000  684.815323107  1334.6663971436728  0.65447082
915000  685.521224904  1334.75079510213  0.705901797
916000  686.253887087  1334.7829676976007  0.732662183
917000  687.028601889  1334.733368419726  0.774714802
918000  687.850766857  1334.591810073313  0.822164968
919000  688.573416594  1334.6434495624237  0.722649737
920000  689.155872535  1334.9664954836123  0.582455941
921000  689.939482881  1334.899687367005  0.783610346
922000  691.053644946  1334.1945400954314  1.114162065
923000  691.707298484  1334.3794434769145  0.653653538
924000  692.383685427  1334.520179270486  0.676386943
925000  693.028447331  1334.7215450713052  0.644761904
926000  693.876369204  1334.5316847470785  0.847921873
927000  694.437964044  1334.8924569182466  0.56159484
928000  695.047570432  1335.1604112840948  0.609606388
929000  695.641445701  1335.458095174079  0.593875269
930000  696.248641518  1335.7297157124246  0.607195817
931000  696.851315391  1336.0095323600276  0.602673873
932000  697.503117924  1336.1947438657196  0.651802533
933000  698.267569203  1336.1640167034002  0.764451279
934000  699.127140251  1335.9515690732248  0.859571048
935000  700.006824471  1335.7012636363738  0.87968422
936000  700.602678413  1335.9926087068638  0.595853942
937000  701.249948597  1336.1854811892226  0.647270184
938000  701.834566824  1336.4972948606896  0.584618227
939000  702.415763526  1336.8151011964624  0.581196702
940000  703.220468733  1336.7073937617436  0.804705207
941000  704.369720034  1335.9461277730363  1.149251301
942000  705.049308432  1336.076766169686  0.679588398
943000  705.699251232  1336.2632854629271  0.6499428
944000  707.515048561  1334.2472388678966  1.815797329
945000  709.339715244  1332.2248560056123  1.824666683
946000  710.126099057  1332.1577692415822  0.786383813
947000  713.660022713  1326.962376847103  3.533923656
948000  716.241422793  1323.5760594566732  2.58140008
949000  719.459687824  1319.045411522976  3.218265031
950000  721.203842458  1317.242011304625  1.744154634
951000  723.13372838  1315.1094502679018  1.929885922
952000  724.742611422  1313.5697901522635  1.608883042
953000  726.079372449  1312.5286795927245  1.336761027
954000  727.181665967  1311.9142638605704  1.102293518
955000  728.863130789  1310.2597177143602  1.681464822
956000  734.253263334  1302.0030658891753  5.390132545
957000  735.03405349  1301.98049390513  0.780790156
958000  735.97764737  1301.6699670477656  0.94359388
959000  736.913319291  1301.3742252924324  0.935671921
960000  737.890601459  1301.0058646929945  0.977282168
961000  738.705854096  1300.9237637300641  0.815252637
962000  739.350051543  1301.1428050790512  0.644197447
963000  739.866188161  1301.5867131239204  0.516136618
964000  740.588987987  1301.6666675266872  0.722799826
965000  741.230934658  1301.8884599645667  0.641946671
966000  741.947908394  1301.9781969477842  0.716973736
967000  742.769638251  1301.8841242312965  0.821729857
968000  743.554657995  1301.8545302509683  0.785019744
969000  743.908502966  1302.5795459207  0.353844971
970000  744.618494739  1302.6805093526445  0.709991773
971000  745.295876851  1302.8382822975457  0.677382112
972000  746.003277162  1302.9433378600604  0.707400311
973000  746.740362742  1302.9963941244368  0.73708558
974000  747.527279236  1302.9624831825045  0.786916494
975000  748.164731061  1303.1889362350944  0.637451825
976000  749.39724993  1302.380012858556  1.232518869
977000  750.302141125  1302.142092431044  0.904891195
978000  751.184138416  1301.9444234569169  0.881997291
979000  751.885015135  1302.0607942615027  0.700876719
980000  752.955391608  1301.5379276415392  1.070376473
981000  754.354513842  1300.4495658197534  1.399122234
982000  755.04631734  1300.582464211665  0.691803498
983000  756.029131985  1300.2144473177564  0.982814645
984000  756.752479855  1300.2930630482274  0.72334787
985000  757.390536088  1300.5179667118978  0.638056233
986000  758.211738713  1300.4282968154134  0.821202625
987000  758.974146435  1300.4395533577356  0.762407722
988000  759.799248788  1300.3434809602882  0.825102353
989000  760.462170542  1300.5249153881193  0.662921754
990000  761.044485264  1300.8437997636595  0.582314722
991000  761.742755714  1300.9641280685519  0.69827045
992000  763.50371381  1299.2733133539962  1.760958096
993000  769.405160433  1290.6074082492078  5.901446623
994000  771.130323268  1289.0168756267979  1.725162835
995000  774.074110956  1285.4066373194566  2.943787688
996000  775.412378878  1284.4778173920618  1.338267922
997000  779.16522924  1279.5745531053492  3.752850362
998000  779.632539122  1280.0902347199608  0.467309882
999000  781.344557898  1278.5652499936061  1.712018776
###### Done ######

